100
4 2
4 3
4 4
4 5
4 6
4 7
4 8
4 9
4 10
4 11
4 12
4 13
5 2
5 3
5 4
5 5
5 6
5 7
5 8
5 9
5 10
5 11
5 12
5 13
6 2
6 3
6 4
6 5
6 6
6 7
6 8
6 9
6 10
6 11
6 12
6 13
7 2
7 3
7 4
7 5
7 6
7 7
7 8
7 9
7 10
7 11
7 12
7 13
8 2
8 3
8 4
8 5
8 6
8 7
8 8
8 9
8 10
8 11
8 12
8 13
70664 55176
62325 56925
64009 74635
68580 75946
56940 74100
76380 66405
66270 63450
62444 66871
51660 46620
62208 59328
68967 61983
69407 67925
48000 48240
57575 68110
67158 49692
51728 57452
64584 69368
61200 64200
65472 56048
58752 72288
7484512067036 6086239911306
7330067343069 7520157374630
6025635578865 7459790496875
6528673697128 6240145328824
6193010879613 5319656963725
5770213670092 4947454198347
6943629088332 6926541635404
5561895407425 5591733634975
4361788134490 4297896565590
6525685062156 6099974860476
5716679394608 6251259534182
7052154816688 7668670579832
5827974302612 4485614959804
5132564050800 4864959616700
5790795392070 4754537542482
57441439813540608 58593350163840800
51914183652552564 59757398588023500
68521588830873780 68796528068485511
86780008815020275 66821603745944800
48123124220061534 53844554947081111
