186
195845 56139 74
403368 51263 63
808491 16341 59
694432 61248 99
881516 83943 63
237340 53302 71
400242 57716 50
999493 95346 54
715723 45676 74
626652 98829 54
636018 96996 87
879703 74537 73
957303 93166 92
656310 11725 79
751785 17223 73
876445 92998 99
362721 43664 64
858865 52088 70
439021 50723 61
747594 63337 58
396446 26999 59
332358 34213 73
427481 54627 72
249848 99329 73
199020 30042 72
740848 77565 59
845289 88370 81
708832 87012 95
397775 43090 69
117671 22346 79
488040 94118 77
956707 83143 92
385687 37677 52
496187 30453 73
576403 39446 66
846016 44210 50
890647 22175 83
673655 96345 99
294419 69372 60
496190 79278 80
423032 23831 69
353217 15969 79
586403 51504 72
133501 97549 56
776308 49909 78
547458 83596 67
234709 45019 71
767597 59352 85
687340 44379 88
912414 88996 55
190855 92349 62
104281 12992 50
113426 76816 63
818282 10775 90
351729 82471 59
156824 16954 70
231476 42064 96
501345 37662 82
456457 88808 88
162163 52785 74
630188 80844 69
767074 67898 90
264448 28889 76
542710 43110 88
185479 95271 90
233494 97951 99
217233 18586 72
413814 27328 96
892325 84445 87
986866 98737 85
811316 86298 62
750711 52525 72
179673 32581 81
497728 46857 51
493561 20641 72
145069 51220 90
968587 40710 51
506552 43595 63
860216 90123 61
194786 49719 59
884517 82612 83
430488 85445 72
968493 17483 71
833649 11807 71
252296 92094 99
270327 80336 66
384778 31917 99
517652 92018 64
406446 24688 51
786815 71147 81
816885 33469 51
192002 48788 81
984016 79814 58
641277 83628 89
270738 77775 90
783774 76154 50
648845 80435 94
686024 34228 53
564370 96399 71
599200 27532 93
527192 44305 52
887572 82908 51
237822 94427 80
124115 77731 99
663226 16043 90
207943 24131 87
301999 79886 50
421875 64770 60
589508 32640 93
696899 43912 59
684165 71534 72
439343 36327 57
565199 46687 71
723319 21152 94
874058 74818 76
905858 13918 93
304580 30880 54
495732 13390 87
320839 13619 87
192732 19542 62
216105 77546 59
422534 90505 66
572016 19856 50
843934 44540 79
193910 70080 74
610359 31808 73
419977 69248 86
692051 80719 86
884283 96708 83
281134 69423 95
589550 72924 89
838616 27496 92
442862 75766 63
527431 25356 56
507245 90159 53
271381 75876 59
270394 67461 84
751630 83789 92
590341 42118 89
588470 70060 90
477848 54091 82
369836 53895 73
881159 20701 55
107756 22482 86
748347 41952 53
626181 53890 93
706027 72874 76
951973 72185 80
227161 78987 93
233185 52658 53
430910 49632 66
294356 54654 93
306816 81398 70
665044 40691 54
341708 57831 94
886611 13135 62
622845 84934 81
648260 34903 68
283234 21802 56
859225 77050 79
466133 49769 85
828089 47848 95
217814 36605 92
148268 33906 62
338571 53929 66
307184 48448 64
764595 93658 76
959097 78579 97
200145 89970 69
582141 25876 95
465646 45072 81
845448 96748 50
840771 79021 93
680473 48948 76
129864 46178 81
246502 63055 59
510894 58776 95
844551 35920 89
688805 18786 68
426876 71326 89
941690 27130 90
382056 23349 66
297983 27792 92
502309 92649 73
651176 12938 91
764613 20870 60
