20
789898 992851492 499037065 512325956
500264 650290313 730311759 797868929
496591 215750079 899981516 905056896
685927 867819590 281804281 905858949
617711 525132309 103938044 141900304
348262 547255140 556428498 978115723
278508 208126970 187782299 217628829
284902 598801548 432459584 994066134
703065 267190997 153347567 702957303
950839 540545754 748423251 844438666
665674 480336870 547902270 853084164
378769 498576445 271085309 528959543
349328 222256252 789898727 992851492
512325 499037065 500264138 650290313
730311 797868929 215750079 496591248
899981 905056896 685927660 867819590
103938 141900304 348262287 547255140
217628 187782299 284902959 598801548
271085 528959543 222256252 498576445
214994 853084164 480336870 540545754
