20
992851492 789898 499037065 512325956
650290313 500264 730311759 797868929
215750079 496591 899981516 905056896
867819590 685927 281804281 905858949
525132309 617711 103938044 141900304
547255140 348262 556428498 978115723
208126970 278508 187782299 217628829
598801548 284902 432459584 994066134
267190997 703065 153347567 702957303
540545754 950839 748423251 844438666
480336870 665674 547902270 853084164
498576445 378769 271085309 528959543
222256252 349328 789898727 992851492
499037065 512325 500264138 650290313
797868929 730311 215750079 496591248
905056896 899981 685927660 867819590
141900304 103938 348262287 547255140
187782299 217628 284902959 598801548
528959543 271085 222256252 498576445
853084164 214994 480336870 540545754
