1000
3 4 2 0 4 3 4 1 4 7 9 9 
2 3 3 4 3 2 4 0 2 10 7 9 
3 1 17  6 2 13  15 5 1 12 4 5
3 1 17  6 2 13  12 4 5 15 5 1 
1 1  5   2 1 4    2 2 3  3 3 1
1 1  5   2 1 4    2 2 3  3 1 3
1 1  5   2 1 4    3 3 1  2 2 3
1 1  5   2 1 4    2 2 3  2 2 3
9804 5963 9472 9878 9828 2394 1981 4132 1671 5443 187 697 
9937 3749 3898 8669 215 3831 1520 590 6435 9964 408 7774 
9221 2181 482 6250 3226 5337 9842 788 3848 1235 5484 9369 
545 1150 9091 8995 571 7091 731 9604 9769 5349 5797 376 
1325 9042 1911 1710 4860 2896 3648 9313 1937 7523 3633 2279 
2448 2800 9009 8230 338 9355 423 1558 4677 6474 2818 1175 
2059 7578 6928 7328 1589 7654 4924 5392 8689 9408 5065 7468 
2481 4542 5939 3372 5461 8280 3361 2664 6853 4071 5178 6614 
1360 7314 9565 1107 4921 8252 4376 3182 3104 2534 7274 358 
1308 6849 6336 8277 3725 9432 124 1842 4536 2251 2193 4650 
9999 8427 3394 4738 4341 7838 2172 982 8352 2789 5087 7154 
1425 2831 3017 8342 9387 345 7197 5037 9614 115 8339 1708 
3724 238 6740 8401 4281 1781 9663 7295 7606 7622 4170 5613 
4006 8115 6608 4657 703 4750 2886 9488 4180 9324 6858 7558 
4059 2940 4060 8455 5320 1998 7667 1537 6621 6516 6127 7966 
3551 217 8448 6255 2519 3916 2192 2312 9635 8592 9488 6870 
8780 8207 6512 5976 926 6257 277 119 9060 3176 4436 5460 
6323 1376 3594 106 3788 391 4098 9252 8419 756 9883 1863 
3741 5833 7577 2408 3413 5175 8515 8067 5796 4208 5515 1537 
7908 8555 8227 6315 4630 6856 3177 4087 687 4632 1246 7394 
3056 2759 9274 178 4238 7713 8259 1673 4808 3211 8488 6330 
7354 5575 3495 9322 3197 935 5758 2827 8745 6796 3918 8508 
4925 8728 9710 4500 3539 9401 1230 9589 3181 6582 1960 6347 
6196 9081 9750 6881 2220 8536 133 1107 2968 9656 8513 2186 
4925 1442 3611 5579 5463 4670 4807 1564 2803 4221 3327 8365 
511 7619 8259 4465 4189 9681 5097 8570 2034 90 9239 9856 
1153 8213 9842 1015 774 1593 3609 7043 3252 8105 9482 873 
5781 9383 816 7402 7778 3905 2972 2888 8867 6588 2106 6927 
8833 4440 9203 6419 2072 8803 6491 7385 2467 8667 6018 7983 
3597 2800 3047 5732 6669 4291 7014 2896 6262 4636 1795 1386 
9590 2037 9051 1873 916 6332 3372 4430 5987 7528 3482 5380 
8848 3583 4232 9798 9221 7431 3814 5684 1418 872 4438 2403 
3144 2841 9556 2244 7625 9667 1511 2473 832 3431 2009 9922 
9171 8644 1933 6284 8350 706 9488 4661 8516 8938 5894 4503 
2928 7006 3826 3329 9167 2585 2878 4495 9547 9384 4013 6528 
6505 4863 9225 7941 4876 1434 8837 1066 3820 4560 8758 9826 
4974 198 6927 2817 9605 136 6186 6330 5406 1001 4975 2118 
6199 3319 5258 1687 7909 3161 5103 8347 853 428 8143 132 
4555 2567 4896 8555 2949 9526 2906 1741 6582 4931 883 1376 
220 2641 3947 1298 5480 7452 4141 3059 308 322 758 4258 
9923 9205 7566 3713 276 6124 8893 4889 8244 2539 9609 1700 
995 3257 6871 8043 4731 5976 4623 997 5080 8941 6230 3658 
5239 3655 7184 7605 8552 741 5742 6447 7690 3924 8373 2491 
4990 8782 4395 8251 9424 1405 7269 3626 7486 107 6642 7521 
6187 6552 3168 3906 8501 6239 7465 2246 8710 9550 3079 9036 
1437 3061 8235 238 6975 9099 6765 1489 9337 1585 3856 5338 
4054 5153 2661 8717 5961 9467 3432 8752 5268 3083 9139 6129 
299 5591 3968 5101 5000 2920 9120 5796 8292 1882 2449 5744 
5448 3303 8738 42 4552 5135 7832 7408 9015 897 4906 570 
3498 8458 2529 2923 2466 6531 7184 4661 4171 2886 2419 1616 
2127 7390 3214 6510 8683 3274 3520 5398 3947 3229 221 6086 
7180 3932 250 7422 828 1738 8635 7596 2207 9476 7185 3745 
191 6451 702 8253 4171 3451 2972 371 5230 1142 264 3367 
8490 4852 4664 6146 730 5637 2601 2676 9057 992 7838 745 
475 8391 1566 302 6837 6840 7627 8874 9276 8515 9323 8026 
4424 1168 6020 56 1543 9087 5031 8073 1182 7931 7167 2815 
8343 5981 5685 8507 4864 1622 9757 3316 7493 539 6313 8591 
8105 7184 8953 5793 3301 2036 1016 3136 575 9048 9377 5050 
5157 8537 7558 4918 3323 244 7764 4529 2442 169 7204 4611 
1235 7672 4248 6925 2869 6595 5193 4918 3640 7831 2985 5649 
4974 2735 4940 7382 9693 5970 3311 200 9917 7162 9444 3586 
2521 5284 6474 5792 5747 1041 8072 6335 2896 1038 7728 5073 
486 695 5616 6683 6810 2795 7112 5696 8696 8274 9643 7049 
8087 6283 5479 700 129 9612 3362 9184 3842 9094 3922 9639 
9921 7207 1888 7764 2603 5656 7310 3922 2353 5327 6758 9385 
3336 813 1712 1715 6973 3427 8627 9168 3560 45 7266 9003 
1385 8105 7244 3029 7454 3749 2096 4697 4924 2418 6624 3215 
4984 2228 2441 4281 4280 6863 8981 6993 5511 9871 2954 7574 
1187 640 4015 6604 6564 9366 7778 4392 6700 1858 6929 1882 
4580 675 2904 5087 1276 1247 9289 3810 7383 3881 7297 3121 
3605 732 7409 3735 239 4656 7201 4674 2750 5900 4961 6084 
8396 9122 2809 9533 5395 2192 4901 5242 6368 648 3392 9661 
4685 489 7187 8449 402 5961 7642 986 11 3413 9037 7966 
9953 6773 8369 9322 3980 4004 3054 9258 9401 4735 1483 5744 
7713 1190 1938 205 5089 6450 4815 3285 6325 7536 609 4460 
6374 1057 8588 4379 4481 3009 8690 6096 6738 9201 684 3468 
6100 2768 8111 279 8184 9586 3730 3402 91 7408 5706 2724 
2568 1010 8387 6028 4513 8421 6321 4626 9483 5453 1067 1576 
2584 301 8398 1576 8372 8197 5054 5262 9378 4383 8118 107 
9547 4034 2353 7109 9507 1920 3874 693 2367 6149 7026 3315 
6005 5275 7009 2885 1397 5626 8317 9167 2875 8673 4398 4518 
8878 6149 1248 7188 326 4310 7459 7147 2716 2919 4826 9638 
5232 7257 7082 3737 4244 8467 3455 8811 3823 9709 2188 803 
6325 817 110 3378 9859 6795 862 2085 7833 4790 9621 2981 
5768 3137 4959 2085 4280 8955 7200 8965 764 2278 3677 5532 
2048 5694 6131 179 5855 5501 9266 379 9781 9859 6421 5919 
3776 4842 8004 5601 5708 1731 1371 1655 8241 5117 6728 4501 
3783 4993 8251 9895 1995 2645 5708 7989 8778 5992 1477 4188 
334 4974 7570 6904 5494 5958 2872 1356 6003 9796 1671 4357 
1215 601 3798 6562 1028 4237 143 1351 775 8668 6216 5094 
2473 9252 5856 6320 9071 2889 500 7768 305 589 7511 6514 
7225 9624 2756 6620 9825 3142 5089 461 8389 5633 8017 5901 
6734 9367 8199 1831 8749 7160 1004 3152 5261 993 2803 1558 
2079 7711 5957 8375 3151 8763 1642 7895 5166 6529 5825 9152 
6012 1555 540 832 5437 3573 4113 7473 6881 7939 8045 3847 
756 8127 2059 8393 7680 4482 7746 9583 8708 1543 9905 499 
5085 4528 8628 2961 4668 8 6480 9627 114 9266 1843 3117 
8569 3609 1664 9952 1396 7753 7578 1846 8568 800 7137 6080 
4450 7815 2260 4350 8322 8493 6910 6493 9179 2465 8595 4491 
1296 844 4435 1178 5073 2060 853 822 1296 9852 4561 3869 
9303 7644 3609 5367 748 5768 421 7845 3177 7433 1909 6576 
2122 1283 4462 4157 9841 1008 7151 7459 9736 5933 6023 3294 
1549 6000 653 5711 2845 5810 7188 6936 9582 2304 5470 2710 
5558 840 852 5249 1408 9643 1950 2568 7511 9730 4436 1533 
8299 2798 5324 236 1669 8389 8222 4322 6344 4030 1536 6305 
9716 1689 1880 3156 9253 115 7866 5141 39 9407 1909 8953 
4030 2569 5676 6646 3560 6789 5516 8778 2479 634 9953 8494 
8355 4174 4008 8991 4928 5368 5380 9297 4838 3386 6151 6383 
8748 7986 2187 5571 694 1438 8605 2420 3015 9989 9642 5668 
1700 7152 7722 5032 8015 4366 6198 1742 3948 1568 5518 1177 
2547 402 8917 3113 5077 4877 8330 1394 178 3799 8576 7124 
7577 1910 3204 2436 1994 275 2438 9553 1420 9262 2496 7330 
6559 8455 3436 4130 2355 2051 369 7503 2387 1888 2433 6511 
6100 7838 5409 8449 4291 6619 1369 6669 3034 5247 424 6715 
9234 8325 9401 5583 9820 5480 4882 83 6753 6231 9862 4987 
3068 150 7666 7102 8788 6030 6619 7615 2305 9563 1520 183 
5677 4742 556 8447 290 619 3464 2899 9609 4835 5224 6318 
5061 40 3982 3170 6402 7839 8298 6980 7405 7841 8535 9187 
7576 9107 1448 5378 5394 5383 995 7671 3418 642 1367 6213 
911 9506 5898 8468 557 1989 3625 5730 8649 6052 1735 4482 
3127 5043 7198 8742 4134 7450 2524 6680 7129 1261 9046 269 
9572 6819 1317 6628 2952 422 7492 418 7806 5554 1767 5871 
491 9545 8237 9008 965 7958 8147 1000 4950 9587 5481 3977 
7777 9442 353 6759 6407 627 4107 1818 8162 4097 5615 1673 
8385 7243 9701 4852 635 4334 7480 3058 6173 2678 8377 7398 
9496 503 6274 6356 4509 5125 222 9399 1840 2997 1632 7546 
2402 3906 9764 891 6331 3869 9141 5121 2608 9154 5948 7336 
1236 7865 9061 8742 8783 5652 2289 3139 9676 9404 4569 7235 
5453 7353 3593 7321 1101 6799 6681 6087 9020 9342 6813 5489 
6612 2374 2575 3521 6187 4678 6013 1482 8682 1635 5791 4400 
4306 3695 3377 8297 1697 328 9700 8248 7008 9382 7555 6166 
7314 4518 2287 2809 9521 2922 1025 5053 9678 239 7930 9280 
1853 2723 5212 5251 9203 2393 2423 5438 2719 7027 7013 2459 
1837 6507 7403 5795 6460 4976 9750 1658 4275 4925 9704 8102 
428 558 4501 2773 5704 2279 1369 2346 7055 2111 1342 1458 
9527 2523 4894 3475 9950 7601 5893 1147 7050 4194 4305 5083 
6984 9384 4202 3898 9978 8552 5551 4218 7589 4402 1089 6417 
9147 9816 937 7027 3053 3172 3672 732 8694 2196 3209 6172 
3622 9638 2725 3831 583 521 1708 862 6219 13 9284 2125 
472 1319 547 5504 4137 796 9883 595 3156 8167 4122 8292 
7573 2876 6106 7867 6453 6368 2427 6355 9259 422 5172 4080 
4039 9843 2672 8185 7964 9647 9079 8384 7041 2669 6893 2983 
5379 9110 491 4140 9136 7570 1544 5947 3172 2008 7137 4782 
48 8150 5939 4630 3131 5952 9941 3085 1820 9784 769 9297 
7307 4613 8460 9737 9840 459 7927 9282 8184 8242 4466 6558 
5553 4174 4635 6120 5547 194 7677 1657 472 3193 5967 3768 
7331 6294 4770 7641 6551 468 9116 179 4903 1326 5244 9616 
8736 755 7652 781 8639 7745 9107 6792 9366 3389 8389 1751 
2926 9965 3854 9319 3621 3579 9099 8036 179 1081 8472 7830 
733 5133 8176 5306 7603 4574 5437 1243 4869 5206 4114 4885 
2140 329 5792 7142 9950 5909 4299 4618 5585 5904 1039 5063 
7197 5101 4594 732 2109 4935 4184 5479 470 499 9363 7622 
4790 7181 492 9001 5648 7415 1199 9329 5785 8073 4013 369 
3506 9118 7844 4080 1688 7653 5252 772 7082 67 6244 2504 
5292 2849 4128 4853 9564 7403 7794 3340 3689 7566 9023 3188 
7677 885 6079 7254 5839 2149 2208 2657 7866 1406 2197 2908 
7697 3022 6526 8101 6967 9275 2882 6127 9541 9681 8779 9404 
215 9153 9964 8786 7047 8208 2997 2598 3303 2766 2477 7409 
5151 1258 2253 9992 8722 4175 6533 8807 7776 6744 816 5343 
768 8952 1093 6476 9137 8050 6920 7562 3992 7375 9473 1282 
6919 1120 9587 6840 4896 3542 416 6695 2005 5911 8802 7526 
3771 256 3409 5493 6844 9291 5529 1449 7830 7859 2513 8373 
5172 5261 3261 2186 6901 6310 2962 2709 8489 3885 2814 5563 
548 330 2391 1343 5098 3818 1794 7695 4219 5806 5184 5584 
5484 9897 1521 2796 9777 6061 7526 647 263 9275 4152 100 
4346 5608 9667 1365 7784 9045 4952 6684 5862 7400 7756 6993 
2216 4383 799 8703 1548 3439 9617 8328 3063 4911 7036 1357 
3519 8120 313 6791 8045 5655 517 2333 467 9721 2274 1737 
3118 5142 3501 582 2431 1068 6353 6113 7837 9150 4356 1138 
4565 3283 4631 2670 9583 3662 2159 250 1812 6499 1920 877 
4562 906 6983 2781 1154 5369 1526 4635 599 6087 7006 8159 
88 940 4117 8613 3129 2239 461 2541 3696 5558 2360 5750 
4122 3676 8567 3139 8560 3236 7042 5978 1976 5295 1877 4128 
9462 2276 9327 3367 5221 3760 6364 2637 383 1548 3687 478 
6161 9284 270 8487 7930 3007 5488 3353 2209 6655 863 7028 
9286 1159 5332 1845 271 3975 6871 4791 4 8061 4071 7016 
352 8124 2787 4244 4285 3490 7861 4401 8129 9710 9086 9568 
7007 346 8619 177 5879 2907 8149 8690 6230 3476 3392 1605 
1467 3344 2326 8455 6088 7435 7220 2753 1683 5606 2578 8348 
4440 3649 3844 3846 94 6990 4658 7980 4955 6582 2973 132 
4565 5656 7247 2835 8407 305 2726 3985 7036 277 7866 9120 
7380 4454 7651 5151 2309 6096 5822 6537 9776 2802 6216 6030 
5145 2107 5019 4745 990 3886 131 8052 7543 4917 1464 7826 
3809 3155 2156 8226 4144 1616 1554 7765 7492 8802 8570 9945 
2263 1428 2816 4747 896 4333 7223 9714 1710 3100 1309 7917 
9856 8079 9224 8565 3174 6209 4219 6333 9826 772 6487 4717 
1762 8297 8154 3526 6447 4329 9292 7637 1395 5781 7714 8336 
665 2856 3374 5784 6745 1707 4747 8108 6488 3965 6605 3989 
1557 5441 5852 3302 6213 804 8900 5240 9742 1359 3482 8380 
5526 667 6115 3120 124 7834 1948 7302 806 2634 3225 5615 
3636 7544 8057 8313 9195 480 9157 7336 8621 7198 6625 1302 
3730 7215 8326 1270 2266 8300 8418 2824 1403 1929 7780 7375 
4259 1344 7524 2439 6902 2228 7993 2250 802 4490 3248 5593 
4178 4940 2541 3102 8289 6260 4061 186 7388 7724 3561 603 
4423 6274 2416 2721 7578 4620 4355 4563 4376 3200 9563 2595 
5787 8356 9014 9719 7140 9665 9823 437 7971 4665 3563 640 
5377 8065 8502 2565 9812 3943 1261 498 4078 6037 1794 4380 
281 6452 2592 8005 5017 1009 5745 8972 2694 7089 4681 6816 
3328 2780 1389 6585 5707 7086 6392 1703 1511 2440 8857 5913 
8519 9850 9930 3361 9296 2833 1392 2959 3597 7817 9110 7518 
4407 5373 9107 3241 6582 2208 8861 9194 280 1291 9382 906 
2844 2502 6729 2150 2795 3965 3672 5136 4550 262 4231 9806 
9575 383 2263 3373 7409 3430 512 5261 8213 9382 2902 1698 
6239 1067 6889 3618 4597 6216 5652 7585 7501 7008 5049 2394 
7224 2468 1898 231 5227 7426 3849 3130 4772 9984 5749 7788 
4014 700 6998 5128 9325 8950 321 2241 7007 707 7575 716 
9523 7459 7489 9651 2756 7694 9068 8164 8411 1911 5534 3706 
3642 9116 7146 4403 1836 2701 8204 8711 1922 2682 1265 8201 
9053 2834 758 8783 8552 6919 6142 3413 3062 9712 2255 7849 
5582 6700 5920 3596 1838 9159 8211 8298 2351 7685 6830 8464 
4229 3124 8486 5336 1622 5801 7761 5038 6088 7821 7397 7615 
3261 3865 7412 2096 1789 1141 3588 7674 1066 9669 6436 5696 
4397 7116 2764 8686 3987 9121 591 9855 3945 1347 4839 1589 
9246 9760 9192 1998 497 9543 7354 6809 7416 5700 4385 3021 
6828 7500 8070 7941 1255 3916 1872 6012 1113 7253 1997 5018 
6739 1437 2618 7662 7514 1011 6657 8090 2959 474 6246 5973 
5635 5173 3601 929 8247 5986 2170 8457 8926 1044 1504 1313 
7398 5380 8053 4216 5985 8490 8456 340 7949 4155 2757 9549 
179 8339 1746 6294 9658 3270 148 7305 1713 9235 2344 4959 
7787 2535 4622 6041 7426 7273 4634 4393 8292 5807 2372 5128 
9009 3974 723 68 1027 2483 5403 576 4621 8132 6001 9453 
7598 2786 2126 1667 7896 7589 3345 6318 2068 7342 2424 2908 
9773 9959 3490 4886 3510 9073 2153 7223 7011 7770 9914 5344 
1844 8382 3323 9915 2601 8986 283 718 1622 7883 7375 5828 
2665 971 434 8345 6975 793 2695 2539 2468 6882 5552 3972 
267 7649 201 4414 1315 5346 7684 6293 6007 4855 495 1353 
2642 8190 7762 5463 3310 9343 8508 306 4235 2823 10 9596 
5714 8444 5258 9277 6901 8321 5751 7117 958 5717 7993 7026 
6842 2794 2555 7752 1066 4375 2422 1887 4321 9343 6106 9749 
9105 7609 8336 3225 8132 2049 7134 6884 6577 2414 170 9438 
5287 3222 9263 3880 2850 9068 2515 6534 7266 8317 737 9061 
1769 1447 9945 2895 7699 2333 2475 4615 3127 3743 3955 9097 
4838 1549 5993 2340 7940 76 561 2036 754 1203 5226 5160 
7626 7446 5451 4722 1254 7064 8213 824 5865 1635 7763 6542 
6112 1253 3857 7159 4121 7657 4862 3684 7496 6031 7429 9704 
5020 1316 1472 4508 4755 8401 8911 3046 9607 3549 1673 5039 
8756 2671 9422 9791 1 4957 6072 1488 2411 3223 887 287 
2045 2182 5048 3484 6575 5237 829 9367 3641 159 9898 7088 
2163 9538 9493 9185 4377 4147 6060 8311 8988 5008 588 6574 
4982 2454 451 8331 9951 1139 538 2126 2424 5519 6272 4039 
8070 9124 9994 5563 8115 8806 142 869 1979 4555 5022 6408 
364 3846 6165 7746 4939 5161 5964 8266 1531 8635 2928 3068 
5088 3439 4347 9417 6029 6874 7536 5111 976 8271 1651 3795 
3085 6456 7419 5455 3923 5144 127 6130 6504 8030 1228 1526 
7164 7746 3752 8500 4089 7754 3364 8553 3830 8487 3220 5656 
6662 6943 5276 8111 9792 7705 9119 1147 7149 4003 4449 6170 
8426 1798 8037 9939 7706 5176 5448 1674 1617 4722 2126 8357 
7816 1011 7533 9134 8541 7872 1403 6049 4295 6035 7787 3477 
5854 5650 1441 9091 2302 5312 680 2604 7176 626 2685 5425 
7010 7928 8763 5026 9394 1403 6380 3713 8811 5686 9364 6026 
694 2434 4104 7270 7878 575 5818 848 6589 479 7123 1166 
2502 1291 8984 2012 486 4675 2177 7150 2714 7212 4406 8445 
7333 5985 378 8605 3002 5080 4632 1073 4577 9946 5042 8488 
4643 1840 1140 7173 6338 6435 5308 2678 8959 5803 7048 4609 
9569 731 5676 2764 8942 8978 6388 7292 593 6414 4637 6443 
7308 2668 8264 3528 8350 8440 8387 4480 3857 4289 2577 3582 
2140 6926 1542 9205 3710 8712 1 2685 5649 7478 3976 9165 
1432 9394 2128 6662 7389 9097 3158 8900 4673 2478 4025 4916 
4190 1517 5601 9251 9928 995 4528 9794 3287 8057 2307 1245 
3720 9835 7969 1881 2603 4945 8383 7857 1256 7241 4807 5308 
3063 3420 5861 1034 3038 3040 6622 3646 3325 8359 2123 5740 
7635 2942 7709 5410 7920 703 9659 1320 1616 253 8993 5260 
2587 7948 2114 1190 9381 4507 61 7351 9753 667 188 9787 
4428 9801 1573 8230 117 1684 4453 8848 1256 3014 8820 4514 
6117 3984 4505 9512 9056 1955 5598 8228 7884 636 4748 8949 
9093 1567 4541 2955 4378 4748 728 8983 3726 7946 2787 623 
6667 2596 737 8067 874 8093 89 2163 7875 9948 5276 3865 
5094 598 1156 9303 5525 4639 9043 5514 3437 8206 9212 2248 
9306 202 1777 587 2853 4623 8348 8396 4638 1231 4110 8980 
6041 2402 1503 9345 9461 3183 6534 8477 4663 5439 9698 1013 
7291 501 5809 832 1833 6383 8005 7 6529 8098 4312 7311 
5502 8208 2785 1915 7229 1324 8729 3166 7192 2882 2262 7977 
2942 3853 9959 7521 8086 9551 7894 6231 2934 1277 9882 7165 
1819 5123 5584 3669 269 2051 9325 4484 3366 9581 3287 7933 
5197 2441 6494 4026 25 4284 4911 7306 9918 4771 3173 7279 
9693 2859 8082 1824 2078 7901 7591 7450 4079 4376 3752 3875 
2451 4032 8534 4268 2151 8606 8708 9259 209 8771 121 7303 
2754 2879 4543 5329 3106 4947 5262 9562 1968 5715 9207 302 
2667 3920 495 2394 8278 4211 3735 2439 4387 577 2038 4113 
7786 9416 6861 469 5725 4507 4866 1735 6401 6343 176 3972 
9999 5524 285 2744 4737 5349 872 5 9569 2231 6185 1855 
9171 8224 989 4778 1387 7247 9569 660 7886 1570 5563 5172 
9269 1716 5805 9121 7863 2717 5700 9829 4573 3558 5659 1433 
9662 4868 6216 3961 8903 7394 6235 994 8874 9573 219 8510 
7686 5086 438 809 2228 4721 626 6922 6339 2335 4201 9582 
6007 5336 5830 4268 5992 9818 4893 4084 7585 9588 9747 4811 
6508 4568 3905 6002 3598 4455 7120 4179 2468 5386 8862 8552 
9927 7107 9686 9988 529 1889 8118 2421 1962 890 8112 6645 
5095 4770 5839 1113 7581 3390 8699 6066 8387 8962 4916 922 
8651 8805 5078 6667 696 6600 9722 4506 7471 4234 9152 8706 
1226 8538 6178 5097 4582 6715 2198 7131 1361 6641 7293 9697 
4937 1021 5015 3521 4032 5020 4668 7751 4381 1158 8639 6302 
2544 8493 7499 7585 8400 2838 6049 2584 1904 9711 930 7778 
8171 3310 1990 1190 5756 3287 9175 3515 9265 3450 42 7170 
6926 3904 380 6000 9513 5153 2491 8151 9913 6488 785 8104 
9875 9944 1023 8780 8727 8583 178 4732 3490 4372 3805 1112 
1994 9727 7898 3104 2789 5263 6455 7679 5472 4104 1122 5536 
853 6539 6333 4614 5719 4432 2194 795 9365 1260 2859 3781 
8471 7704 8498 3582 7963 6359 6674 2323 9627 5831 6179 2971 
7972 7217 6486 4840 5060 2876 8188 3392 8778 7262 6514 3043 
452 4826 9977 6981 8380 8763 5232 3832 5791 5162 2190 7670 
652 5677 2369 1916 4371 8605 1598 1295 8099 9954 7572 7529 
7755 9354 9478 5703 2873 5014 6553 9891 6609 9275 1314 5123 
1754 2030 6186 1660 6859 397 1926 4346 9166 8691 872 5888 
7578 8056 1602 3529 6860 3318 8798 7458 1253 3446 3251 8893 
1751 857 1625 6116 2506 4712 937 6560 3361 8925 3296 8028 
1774 7653 2370 8410 4936 4791 7241 7703 5718 9534 9150 8178 
5601 5289 6955 8534 7095 1799 2445 1775 6809 6588 5369 2962 
7665 2982 4520 4051 4196 7288 9494 352 1543 5965 6341 698 
3042 4560 6789 2468 6082 2850 6189 3440 337 2221 4478 7043 
6769 9802 4815 6970 8788 3183 3121 1065 4679 5887 1826 3023 
8198 22 6791 8482 8823 8586 3176 5289 2862 9441 3985 7220 
3344 5938 5295 5265 6702 7970 9663 208 3444 139 6864 4661 
5160 4951 9948 5232 425 8252 1602 8206 9767 2767 2869 205 
4095 3762 507 9461 8823 8686 4047 584 2850 6280 6544 8803 
7924 3309 8629 1311 6359 3722 8754 2884 4737 6821 6532 8367 
5834 8719 3164 5024 8987 3053 2287 4810 7254 3242 6105 8796 
5048 8937 7792 959 2350 5382 3148 1154 9762 7912 8046 2696 
2402 2340 6783 2904 333 6308 2467 4453 5084 4493 6510 6652 
9115 6345 2095 5077 8802 3735 4646 1702 6242 8793 8581 4023 
7673 2539 8257 2761 3854 900 8894 8605 6335 756 807 376 
5087 6398 5407 8784 1287 1839 8642 7324 4725 8711 6222 1313 
5380 900 3123 3302 1096 9274 4784 6422 6481 9059 7749 3436 
5962 7337 4691 4235 9191 4846 8470 9621 8951 8203 3281 7990 
4832 1416 3725 9859 7739 3055 4954 7945 450 2662 9491 3545 
2496 6135 9647 6417 8344 7673 4992 3224 9251 9863 1423 2991 
9105 3775 1196 5903 8765 596 4615 3137 105 8305 9532 2363 
9845 1442 5186 5531 9015 731 9073 1185 160 1782 4536 2835 
4814 7958 4574 2204 2211 4283 9370 5906 7332 6827 418 5154 
6650 8980 3938 9482 4911 3294 8426 1611 9878 6527 100 8702 
5528 4067 2295 8381 9421 1771 2909 3651 9459 8222 4548 2064 
2487 7782 9061 334 421 8004 4675 1266 544 3388 7536 2844 
5347 6104 7149 5305 6625 1439 6047 7991 9453 2638 2297 7173 
6467 8642 3043 1996 3525 9729 834 6298 8415 4515 9213 4965 
2675 8154 4006 9723 3576 6644 1741 5407 7013 7785 980 1332 
2700 2782 9143 8973 3054 5098 1732 8809 5165 3978 2815 5361 
1801 8817 6303 5409 8237 3465 8899 4306 8751 3950 2860 3412 
6601 2051 2138 2416 3463 1039 3553 5216 1082 2327 3044 2966 
423 1198 6543 3840 4897 6215 1496 5578 8567 1308 7071 6612 
483 5179 5529 2657 5407 7070 6514 8329 181 3066 7849 6881 
5593 7497 5203 6639 5139 918 6111 2035 1435 1656 6452 9345 
106 8739 4487 1239 201 2142 6294 1645 7069 9554 3068 3819 
6898 7083 109 9653 2035 6398 6391 6698 8762 8570 5051 7491 
7055 3173 4650 137 5133 4525 6825 207 7224 1957 7053 3395 
1724 4160 2635 1522 24 7121 3308 6330 871 1392 8506 8859 
1661 979 3088 9115 4792 6126 7050 9592 2756 4259 9461 190 
9604 3462 44 5383 7955 5538 581 2575 1236 1579 2635 8639 
9224 2230 408 5044 2582 1430 9150 624 2620 9929 5592 4899 
5149 3132 3260 4294 2439 6551 9893 3461 4148 7661 288 8508 
8707 8985 2708 1387 4110 8320 8544 2172 8046 9609 2789 6247 
5513 4391 5513 5722 8388 2791 2878 111 9358 9845 7520 5743 
6114 4794 5455 9271 848 2063 7884 4673 4074 5362 4804 5285 
3843 4788 4238 978 8302 7725 4754 780 7029 968 9684 7608 
5145 4890 5444 4899 5918 4260 6200 332 6 4996 4893 7784 
1917 6852 5782 665 9941 9145 8614 1394 8285 9931 2379 5088 
4190 8807 3243 6868 9216 7316 8643 2654 3915 5508 16 1042 
1631 1439 4853 2355 6647 4382 1757 6964 8754 9889 7568 4708 
9043 510 4611 3498 6601 3638 4530 9022 9399 6781 1196 113 
7469 4669 2243 4047 3211 5970 3676 8980 7797 4621 2949 1385 
1880 3573 318 2417 8046 3634 315 8586 6718 7963 4173 859 
3510 5193 3572 6275 6440 2376 5731 2227 1125 2010 4204 6242 
1233 2252 737 9195 8448 9503 3351 5732 6033 3301 7154 4310 
4159 3495 8360 4901 531 5169 1536 446 4604 2959 3119 3948 
5559 4472 871 316 2835 2583 2218 1947 541 5464 5979 1838 
2254 6242 5857 4936 9977 4278 4132 9564 4248 4987 6152 8143 
6172 8276 8784 848 4378 6949 2991 1639 4390 7415 1034 9936 
2692 6023 787 2599 6039 1345 7016 4491 244 9988 5452 9510 
8554 1834 6451 2523 3194 2024 8052 9991 8664 2168 8727 1308 
6555 3964 8498 3497 2529 1287 9919 8957 8750 4034 1675 2081 
7227 2587 5338 2270 7537 1445 5904 9153 6770 5399 7834 6730 
7013 7015 3481 3347 5245 8304 9790 9236 1953 8273 6917 9199 
5509 4830 2139 3907 5655 9508 411 8991 4802 2765 9056 8249 
4572 8710 3287 2190 4406 5186 6509 3307 6352 2362 6992 322 
654 7678 955 510 4112 5346 6501 7322 7172 6374 3107 826 
849 4772 4377 5747 8333 1466 7899 1571 8407 3806 6448 131 
8589 767 2734 992 2073 2078 2317 9116 992 6270 6758 9730 
6141 7028 7654 9852 5095 1110 2342 5843 8564 3 5051 1607 
1765 4645 7110 6437 5107 9694 1042 6649 2051 4832 7467 5172 
5248 7369 935 1661 1907 6549 7983 9948 1986 2427 4715 1958 
3232 6800 7436 6946 7039 1966 4996 7910 2769 5872 9378 5181 
6486 6470 7979 5132 6611 3484 1269 2748 9092 4946 5340 4732 
9588 2926 2104 8890 9217 9745 1004 7985 6564 9631 8131 5154 
9286 4550 7190 3415 4457 2135 7424 4026 8977 3027 5224 877 
2435 9158 7424 4231 9981 2926 7405 2848 8387 1028 4281 2977 
5137 2127 1104 242 4626 5455 9034 2236 5490 6117 3427 3538 
9685 4707 6539 7611 5195 1890 4976 7486 582 5303 654 9924 
2510 4519 3176 409 3053 4417 458 8253 6114 3022 816 1153 
9683 5663 1626 6114 3488 7068 6789 5600 227 6984 1517 1879 
1574 8610 1387 2471 4567 6870 2086 3884 589 5497 6541 3042 
8827 972 8985 4123 2022 801 6933 1753 7246 3081 6503 2555 
162 1013 2467 41 889 2770 5784 3444 8786 5045 5452 2300 
935 8163 8768 8459 6250 3325 9651 1367 8253 8157 2954 2619 
6371 1025 6048 8060 9441 3156 2262 6141 4304 2049 1920 6424 
9029 5683 7968 7497 3133 3076 7292 6073 8433 5721 1043 432 
7292 5422 5457 6159 9145 1622 4742 3644 2198 2542 7492 6073 
5457 4452 6069 2144 9547 6623 6438 9193 1320 8206 3477 8887 
1017 5135 3174 925 7652 4088 6688 4776 2262 8769 1459 4078 
4225 5382 8076 9021 6426 8080 908 1001 3725 8348 2543 1108 
7630 4436 7401 3263 7217 4314 5836 7766 8494 3825 2978 9351 
4309 8604 5851 7644 4413 2839 9225 5648 4698 9942 8262 9874 
7972 6233 2757 8686 8221 6999 6035 3403 863 688 1833 3045 
3381 405 4328 8950 9237 6443 1679 6214 7696 5344 2034 1544 
1815 5492 3151 6801 7661 2829 480 6542 1615 7952 8594 9518 
3531 7692 1021 6131 2290 4182 533 7439 1785 1668 1804 7527 
1970 1091 4317 4132 9190 9503 8927 6782 8573 8358 1359 6026 
3424 2158 4800 6398 7558 4951 2889 4697 2937 2005 5259 8166 
7505 3226 9276 4981 2882 5049 7259 104 6394 5097 2610 3380 
1148 995 2277 8489 8476 6949 6856 4365 8489 9479 7736 3466 
973 9835 391 2680 6423 9546 5335 2177 731 2364 3608 9680 
7330 2217 4291 3526 6037 9363 454 7173 3253 520 7999 1886 
2767 1373 1748 5646 5862 9680 1423 6727 431 4407 9275 2905 
8721 2898 6650 8699 5063 8720 2821 6283 9839 4800 4508 3651 
6268 6556 4593 6855 5699 3322 2214 8656 955 263 7203 853 
6287 242 8363 6096 4217 7840 1684 9245 312 8348 9036 3789 
1121 3128 8970 3494 1413 7107 1364 61 4023 6181 5750 3243 
4661 4614 7532 1007 3992 5831 4269 9731 3099 2112 9591 9520 
7186 5854 4439 7550 8103 835 8051 9844 8922 6478 5505 3733 
3253 9232 6116 550 7514 6046 8014 692 2961 9448 4832 8929 
9876 816 8935 6128 8528 2105 2962 2403 6471 8829 2774 2266 
5649 8921 1673 6349 9872 8325 5216 4427 2723 4794 9052 1996 
9250 3360 3231 554 4356 894 8915 3535 6203 5357 7043 233 
9388 7749 9091 3003 4066 5118 7290 3786 5438 8353 4503 331 
5959 2917 2488 7097 6087 24 2427 4882 9612 8270 4586 1184 
8649 9708 3957 3625 8709 7144 1255 9946 2822 9543 6549 1908 
766 46 9144 3591 1327 6227 4006 589 8779 8558 8958 4470 
3858 7383 6235 8463 9498 3942 6102 1955 5298 8701 3773 2230 
3121 1026 6456 6797 7137 5576 663 1479 2461 1949 6146 4223 
4928 9238 4136 7340 6527 5850 4880 415 3038 920 6994 9746 
303 4454 1283 1160 8533 8395 1238 444 4941 1127 1524 9917 
9216 9122 2978 587 5203 9667 3376 7479 1361 9184 6714 7329 
739 1326 1424 7758 7677 2303 4845 5308 3015 3043 9170 6105 
8921 4023 9706 8344 9143 9462 1698 320 80 6799 4553 8088 
5177 9041 3327 2732 44 1852 9171 3822 8794 8195 7437 3787 
7761 7891 9043 853 2297 1896 2253 9447 1210 9895 8306 144 
8300 2126 6406 7030 8219 9776 8918 6350 2149 4591 2084 4838 
2222 1369 971 1847 3534 7700 5106 2316 2778 9161 7100 5485 
919 8965 6342 6849 2049 3780 9370 9393 9607 7619 7803 3875 
3807 4813 1760 530 7310 6930 1745 9572 3188 2300 952 918 
2092 9091 6901 9137 5203 560 5403 6048 4560 3772 9190 8940 
72 1017 280 9335 4774 8181 1295 5700 7366 2871 7131 4001 
9218 4414 9307 4206 6476 1473 2736 5698 3955 6014 4497 1450 
6865 1325 4645 5985 3355 2002 5973 8333 2406 5388 806 3102 
1591 7563 9695 2810 6684 6240 7804 4480 6860 4836 9693 3455 
2327 4240 8639 7309 2873 5077 122 8071 2998 6297 9748 7252 
2230 4803 3678 1514 7996 2057 5924 3224 2641 6597 5870 5225 
9322 4362 6399 5429 4171 2961 569 9338 4680 9649 1338 6170 
2345 4116 8341 336 6244 8506 4130 40 4536 6093 3035 8831 
2210 4417 2688 7341 8179 5745 756 3447 7388 7713 6329 2691 
3144 9378 9725 6452 3617 5154 6953 7146 3159 1205 4449 9838 
6518 1279 9047 1371 6846 6381 4962 8594 848 6392 3308 9782 
6771 60 947 7801 8609 8138 3730 2527 8231 6375 2161 8282 
8510 6316 3020 4354 9525 5055 7496 5587 3571 1794 1011 8188 
851 8650 3250 7521 9440 8520 11 7216 2829 5633 8602 5015 
3499 3173 6994 111 519 4577 2971 8411 3832 7393 3243 6496 
1685 253 9787 9347 9542 6319 5586 9817 4483 6859 4474 8945 
5835 5749 3500 6980 6981 4384 1250 9971 3625 7114 3739 9525 
3917 6044 1101 3014 1590 2492 8084 8800 7277 2178 2098 2281 
4151 3343 6297 4913 6920 3368 9587 3130 929 2400 4233 7811 
4720 4061 3249 3887 8570 8379 1636 1856 5918 8406 6683 1659 
4360 9998 6443 5369 4506 9680 7179 9118 1953 8673 7039 7221 
4416 2028 3307 7578 6889 5498 7068 1980 6036 1752 7289 8176 
9792 6435 4313 2887 8261 7418 8878 1954 5748 2091 9566 4696 
3979 395 1828 7598 8907 1792 9197 3861 220 8307 85 2994 
889 6587 1515 3542 2594 9110 6249 6416 9797 4146 9611 4742 
8247 7608 975 8853 3774 6209 3957 4504 7686 8729 7011 5144 
9829 7921 2755 4667 8732 8267 3391 4183 7505 4660 3206 4382 
8718 9829 5242 2008 7348 8648 9538 9381 7817 2377 2157 2968 
1139 4775 9135 8997 3593 6003 5752 7128 9175 5776 5204 9944 
6393 1953 5789 516 8531 6703 127 5640 9955 3697 984 4086 
4933 6580 5833 146 3661 4517 3863 2638 5115 805 5029 7909 
9028 9569 755 5973 3075 8031 1513 2362 3566 3394 6857 7329 
555 5881 6660 1431 7986 1799 9365 235 6477 7335 6606 5275 
8956 7681 2351 5535 464 1141 1911 9052 700 9794 1002 7725 
299 7580 1305 1586 6207 9130 4972 8370 8791 9165 1616 2169 
2034 1264 2914 6932 1806 6624 9281 8163 450 8235 5904 7740 
6227 6463 9385 7516 7389 8576 8112 111 2033 2924 7659 1911 
6933 5606 4091 1982 9529 7093 2364 9022 7757 6089 9144 7052 
8059 3267 7401 752 4426 6055 1984 7560 8726 8744 4360 133 
2482 3610 7127 5464 1979 4267 7755 4433 6837 4645 1928 5745 
2712 2441 695 5360 4597 2830 1870 3014 1060 837 2343 2336 
9673 9506 9222 8532 8572 5966 1186 4884 4586 7371 343 8006 
6785 1278 6875 4464 9217 2796 8734 543 7820 5096 2181 2836 
5824 4464 3884 1746 1575 1184 9402 4440 4879 439 785 4233 
6611 736 467 2777 6226 5665 4339 8588 5016 9569 8287 3044 
1445 8891 6597 6327 3771 8747 924 287 6815 7192 9800 8049 
4435 9302 2142 6242 6845 6543 8833 7544 9112 7090 1195 132 
3355 7673 733 9232 8071 2840 3776 4807 5323 6629 372 3863 
6502 9353 6936 93 2940 3876 2643 7342 4140 3461 4312 9015 
7512 7800 5005 5226 8372 7938 4643 7126 5251 9049 6349 1583 
3444 5789 5077 7798 2825 4177 1168 9080 1542 4785 2041 5267 
1090 462 8014 8840 696 6913 4031 5259 1831 7226 6942 4180 
5980 9651 5771 5556 8311 702 1516 3644 540 6551 4736 125 
1320 7044 7881 6139 325 3526 1587 36 407 2064 9445 6162 
6109 2193 2541 8110 4990 769 2665 5708 8998 812 7437 5212 
4536 1028 7017 2451 2841 2115 1099 2714 4442 5654 1342 1666 
8676 1226 358 4566 6873 3295 1383 5141 7990 9388 3787 514 
1487 1335 6011 1789 362 3345 6498 5321 9889 5240 2001 2506 
8496 8889 3965 3544 4455 631 7652 1735 9217 4452 5386 9864 
4425 5341 5300 4912 2293 6390 8031 5775 7197 4246 5360 3061 
8166 4423 1002 9849 1438 6009 7147 7094 999 1008 9537 4585 
3807 3265 4574 8886 3574 5142 4253 1835 8991 4153 6012 7963 
9899 1893 2425 99 7851 7676 9198 2899 2263 7104 5473 2286 
5451 161 9753 9395 7921 3542 1338 2282 9759 6637 1510 4716 
9212 3347 4856 2742 5590 9726 8647 3768 6809 6450 9515 2872 
829 1582 9048 2785 8144 8931 2283 520 457 7898 8840 1196 
8697 3914 7095 1767 4250 9270 5487 5744 6500 5587 1474 3934 
6778 9550 3461 8829 5381 251 6906 9500 7592 1296 3652 203 
6914 3146 5374 9611 9477 3738 717 4813 2000 7391 4939 7635 
5745 6089 7043 8468 382 1104 3667 7222 9519 7890 3250 5510 
3059 1153 1967 75 2354 3440 2502 7557 5194 1271 1469 5150 
9218 3607 459 1718 6770 4011 6186 7218 7511 984 2024 5490 
2845 5960 6743 5874 4188 4933 1365 4183 9369 6682 8882 1770 
7498 2612 2153 8869 4212 9993 5767 1722 7687 6212 6686 4989 
1763 2988 1901 2288 3020 9859 5517 7068 9989 6158 8657 4853 
8660 7946 7549 2086 2793 6141 5862 7023 1231 3035 5440 8310 
9718 7822 2188 1930 4083 3987 7957 5963 146 3991 589 7654 
5068 5105 2234 3733 960 2634 4568 1685 3986 9363 4719 6814 
5148 416 5885 9126 1500 22 2028 8014 1281 7035 1153 7177 
8452 1206 9591 1588 959 4463 9282 2446 5147 6753 2934 901 
9577 3500 6596 1897 9532 9641 9002 6722 2977 3841 4570 3637 
4851 7154 5024 1646 2820 8464 4411 3086 5603 8948 1513 1542 
347 1796 5378 8535 1151 3610 3164 3487 6166 7194 1704 8332 
2881 6113 8440 273 9048 9969 9956 3859 984 7382 2740 3503 
9212 3775 81 9008 6194 7567 52 681 5543 6754 1548 7004 
1961 3070 923 304 8216 2669 9405 8073 5120 1013 6707 8619 
3732 3714 6017 8433 9522 3098 6795 957 5018 558 1570 4134 
74 7624 2105 3 5986 9095 5390 1331 57 7323 8871 7235 
4942 2516 7692 7613 9922 7043 3563 5950 7748 5836 228 8944 
8994 521 400 204 8159 2139 9695 8329 4659 8550 2097 4486 
3531 9559 9209 8519 2951 3747 6175 1704 8048 2003 4444 896 
5016 7344 9075 1224 6582 4265 389 8964 9716 352 1956 2434 
2895 8285 2356 4006 1473 286 317 2381 1253 1267 9800 3017 
3692 6270 5249 3812 9467 701 8201 1495 439 7081 1798 8531 
9965 5143 958 9618 8084 2755 3413 7678 7962 6673 4312 3375 
2196 8860 6905 1243 534 8677 1635 565 4660 4194 3107 2879 
251 9342 57 5652 9211 6888 4885 9619 9282 2413 9565 2823 
7731 6716 4279 3607 3996 7884 4431 2537 1116 2598 1594 1102 
9503 3236 8478 7645 3186 1038 9161 3680 7737 1575 7318 6333 
3566 1617 4806 3647 2294 3655 563 9648 2468 9348 240 4112 
2190 7539 8782 8689 2805 3431 2886 7471 5046 4782 1906 8180 
3113 9642 7397 9794 4134 9064 403 9282 5345 4649 5458 5532 
5534 3311 285 8841 3369 9521 2042 3900 8777 4477 8891 6419 
4193 8983 9766 9764 9906 4881 5313 2466 709 8473 9312 5615 
8838 2072 1337 1680 9164 2879 2210 2804 9361 9699 8968 1663 
9261 8889 1147 2248 6339 2661 8339 4333 611 7964 6409 457 
1355 4592 4850 4966 4402 7897 8550 7277 1490 7710 971 7905 
9992 7739 5853 2338 4984 3299 7447 7781 2849 7660 9398 692 
6958 426 3514 8339 340 3850 634 138 4856 9040 6113 8143 
2525 1533 6474 7021 957 2036 5356 7836 7788 9487 864 128 
5 1432 298 4957 6918 6712 7305 4136 271 5826 1663 8059 
458 1540 4090 8793 6178 6978 9413 3422 865 3554 8514 2842 
5085 1602 1708 1093 543 9422 8977 6465 7287 7108 1726 8471 
43 776 7588 8768 8933 7598 2386 1455 4160 5730 4973 198 
7046 8025 5831 5065 6927 9543 9325 5440 7519 7893 8730 6220 
4834 8943 5846 3640 849 7240 5782 9504 8790 802 6863 8089 
7429 9141 7798 6906 7316 7124 3717 6644 9962 9601 6424 611 
8317 3960 3429 660 6700 1658 949 2585 1931 8574 5023 7411 
3377 5870 5193 5702 374 3611 7539 2763 8997 9065 2384 3005 
1890 7956 4085 762 6106 7200 9107 6954 766 6800 9448 8683 
8496 2025 1625 6838 9961 6080 1742 1826 6515 4514 1944 7991 
1487 6358 7040 8545 9191 8885 8669 5248 4238 6483 9777 2145 
2096 3240 8864 8954 500 9218 7300 6802 8069 5213 2024 7101 
1493 387 6369 4841 5319 42 6692 7556 5511 1075 2494 8334 
5771 9414 7384 6810 678 4757 8759 7487 4014 6565 4284 9588 
7245 7627 156 6055 5138 9175 2156 9258 2540 1288 3689 1108 
9625 3700 1006 4365 2929 76 5278 4428 6497 7595 675 7355 
9357 1332 3224 8239 6885 102 9784 9664 3144 6567 2493 1686 
4475 5290 2838 3265 5648 8192 7444 2482 3137 1849 6108 60 
9256 2472 4559 3100 8966 3164 8103 7055 2157 3235 1478 3985 
9477 3605 2104 4054 9709 2409 3794 9383 7809 8201 2144 4999 
7219 1886 569 1086 8882 569 1733 7083 6878 6347 1026 9622 
6474 5008 8542 3968 8465 1645 3403 6695 6253 4575 348 3279 
4904 1278 4075 5225 5085 77 4627 5123 7746 8817 6005 3874 
5697 1345 3338 772 5056 9718 2673 3329 5547 8561 2661 5661 
1320 5722 4355 5045 1334 8101 4394 1162 8419 1738 8770 1299 
4183 6005 8092 9656 2848 9961 199 7684 2360 91 8768 530 
8735 9267 4767 7833 8319 77 4911 8059 5913 8460 7165 3133 
3984 4885 333 8048 4780 8619 9442 1465 2489 4695 7925 1190 
5715 4480 2650 5796 9989 4844 4139 1718 9412 3352 1855 1798 
2640 5875 5304 5412 333 3440 8232 586 8816 6413 9338 7226 
5731 191 9473 400 6128 3711 5832 90 4073 4948 1730 5121 
4594 2840 3750 5097 6643 177 5161 7905 9231 6085 1224 5794 
7408 4045 1620 9201 530 1616 5712 8772 2534 6006 7761 8843 
1174 1441 5868 142 5274 7409 4156 2519 2202 7558 4657 1736 
5337 4704 9312 1130 702 7110 3135 3896 4766 1576 1263 7065 
7187 8218 1813 2140 1459 2130 3987 2407 7558 2280 4517 3158 
4163 2130 307 8727 6004 6330 6483 7253 5608 9019 3712 6661 
9206 6889 5568 7461 2462 7391 8891 4819 9965 6299 1 2951 
5128 8086 5829 4309 1772 8623 6365 2015 5463 3675 4887 359 
4662 889 9340 8000 4455 1125 3285 4437 3578 8740 1445 8446 
2937 1354 122 6746 5398 1030 1775 3608 5308 162 506 3393 
5011 9542 5128 2367 4716 7985 7443 8566 363 5875 4451 1252 
5358 6112 2681 5117 6206 9420 3051 8638 3481 4629 1653 4462 
4900 3667 8282 8306 7188 8428 3748 9187 2068 4674 2165 193 
6914 3029 2278 641 1857 5687 360 9338 6869 8074 77 9628 
4518 5218 7445 6062 7132 2363 8143 1695 2082 1788 6936 9342 
8811 6644 4424 4304 599 7861 6188 7601 4643 9040 8695 5767 
864 8689 6602 9071 9624 2025 5245 9961 6340 8759 7307 313 
5844 8573 4121 217 4772 8112 9048 1125 5457 3579 22 4013 
2248 1947 7359 7385 1756 2688 7323 9129 4901 7928 9102 2302 
8532 7140 8227 4593 4592 4373 7401 8645 284 8413 3042 7568 
1548 6102 9326 8498 3282 5596 2261 875 7801 5293 922 2177 
2184 192 5140 1849 8120 7546 5412 4875 482 2656 1485 2877 
467 6331 2459 9559 8950 9765 6639 1299 5129 1396 5837 7871 
8988 2266 2418 3273 2323 9925 8650 4090 4019 4007 8756 4837 
7061 6325 5940 2903 8569 444 727 5354 23 8330 429 7326 
6264 7869 4092 3422 2152 6406 2229 6036 9465 3674 9872 797 
4435 8163 3669 8102 7011 3936 2663 2845 7771 3024 2461 7216 
2843 7986 2925 2822 225 3367 3572 5690 9316 687 5743 2790 
9487 1097 3582 5401 8057 5772 8942 9980 6665 4814 8685 231 
832 3504 6236 7434 6529 5988 2660 2720 3894 7789 4933 9391 
1632 3780 4694 4401 2781 117 7333 6307 3341 2015 3143 1290 
8992 9215 9448 107 7231 5124 7880 7633 9300 1092 5505 1287 
378 1932 3795 9469 5209 7061 9783 1939 5126 887 5935 7137 
1745 2645 6329 2444 7314 4480 4250 3103 3482 5092 4500 8868 
4834 6928 6275 1052 4226 8041 1627 5114 3850 8542 8225 9931 
8861 8863 7240 8175 8600 2910 896 1247 4400 5100 5374 3502 
2520 9972 1238 3411 1374 3364 3108 5725 9648 2212 8612 202 
2762 4019 3388 5294 6304 9942 4625 9125 5964 8387 5567 4119 
720 5457 5163 803 7616 6830 8947 763 7 7492 6227 8226 
8521 341 5420 9808 5437 9072 1217 1972 6319 1205 9737 3821 
6869 8842 6473 5722 3636 609 3237 5539 5329 346 2380 7407 
6735 2015 8306 1145 358 2508 4995 139 3882 6158 6993 5624 
1333 6566 5039 6561 8008 7143 6443 9329 9117 7230 4847 1548 
8516 1528 9947 2572 4834 996 4651 7414 9096 1780 9143 7614 
142 6380 5109 5707 5880 3775 582 6576 5741 7656 1161 4347 
153 471 5104 6494 6215 3667 2597 74 7938 142 9971 7854 
2110 360 8266 3844 1672 5115 7334 5526 3838 6596 2560 9731 
8064 5584 6162 7977 7488 8002 276 5505 6447 696 4050 4934 
7552 4393 2657 8428 7554 7390 9674 6830 9239 9860 5537 8671 
566 2168 1303 2412 1009 8227 9500 6979 1538 1960 9733 588 
8256 6200 473 9634 5674 2165 2349 8274 165 513 1015 6350 
6416 7165 5182 1303 7839 8892 4134 7681 5763 6489 1584 4491 
891 2888 4190 3435 241 252 2010 9555 6828 3834 9731 3286 
6724 4538 1554 2026 2414 2510 4109 8072 858 3161 4218 1216 
3683 2003 5797 1457 8197 6332 8809 8940 6810 12 5997 8777 
5500 9896 2414 9163 9545 2521 7989 9407 7403 9221 8958 3970 
7772 6979 1911 2666 2386 4785 5743 1447 4074 6668 9248 6417 
8599 3823 1619 4781 5248 8828 7884 3361 1027 3780 6475 7244 
4239 8305 7451 2206 4270 3069 5328 4242 3352 3110 1049 8317 
7592 6669 4059 682 5972 5152 4203 9716 7275 6472 4268 9721 
1187 9837 7383 3363 145 3551 3470 6254 484 396 9120 5585 
3901 8562 9048 6780 3671 3211 1855 7182 1571 7577 3229 3643 
991 1095 6469 1957 3041 6768 1270 4681 3676 2919 7990 3842 
3393 1775 1383 99 9198 1425 4601 8554 9216 7852 9171 2719 
7720 854 1596 1867 2429 114 3925 5080 5770 8976 3345 2587 
7813 422 6610 1227 9171 640 5181 807 4208 3736 9307 671 
4130 5285 3982 2262 9224 9037 821 5082 609 6948 5547 7305 
576 9524 8754 3955 9199 5039 1032 6885 9714 8876 3496 756 
3475 5601 1663 945 3512 9399 9495 251 8174 6981 9201 2062 
7858 8246 3164 2023 5477 3199 69 9089 8617 7386 8691 8066 
303 7298 40 2998 3042 1737 9469 8359 5676 1741 3239 9981 
2462 5891 4514 9006 6413 7944 2545 9117 1293 8452 9185 5456 
8033 4701 3133 5892 6942 7785 6849 652 1231 2138 20 7715 
877 9875 6939 693 6459 4988 7804 5798 9003 636 5308 2904 
8564 4768 2419 8055 7252 9900 3602 7109 5221 7266 5441 4819 
4977 4627 8111 7124 5199 5343 2154 2720 5721 7726 3097 5598 
9190 6615 8864 4515 2311 15 2916 4343 5198 508 9372 1371 
1444 4774 4503 9577 9733 6602 4098 5042 1199 2393 2458 8074 
4412 5639 3236 4930 5481 4127 359 5709 8565 5893 9199 5958 
9335 9090 1283 165 3998 8426 6074 3634 8105 264 6186 8144 
856 4851 9086 76 9470 6978 3806 1768 2966 581 9378 8594 
4207 15 2484 967 7688 8937 649 1036 3876 9614 7445 1759 
5738 1029 3068 9440 547 513 7650 1992 9647 8552 2786 682 
4454 1168 2860 7471 4273 2158 2448 686 612 5241 3897 966 
963 6176 7427 2292 754 9996 9430 5741 3928 7974 5445 3877 
2749 586 9873 131 8442 2093 8778 6414 5869 2583 3334 2424 
895 1921 7279 1992 6658 1694 709 668 8411 6116 3066 2694 
3282 9761 8883 3098 1536 9449 6126 88 4440 454 497 8387 
4888 5039 2424 4107 580 6920 5039 9515 3963 8164 9641 3872 
7022 6269 3736 6793 6694 2070 3977 2755 5731 6625 7480 2793 
729 3996 7371 1725 5316 4910 2826 2600 5581 2584 6983 3001 
4968 7390 79 3719 3800 7934 4875 7782 7094 6182 7103 6278 
8981 186 9482 8859 2093 3834 9417 618 7021 5240 8891 9794 
5415 149 5597 3623 5705 4404 6207 5830 9651 5144 4526 3234 
3705 1387 9334 3896 163 5294 6850 3565 1824 5274 2649 1387 
3828 1047 4975 1661 8564 5450 5224 370 6342 9480 4480 4497 
7052 7448 8810 4328 880 3689 7546 5938 450 659 6882 5818 
5061 5865 3128 7390 3587 1916 7636 3042 5347 7269 8285 9744 
1063 1928 4540 5991 5277 6326 2966 6238 6292 3529 6274 871 
8700 3668 2062 6504 3841 3416 7811 2315 1510 9518 2530 2365 
5353 460 2854 8836 959 8354 8635 6010 1248 8616 2017 8961 
3474 1158 8497 8794 8235 9723 7036 9305 6202 2077 18 846 
6591 3790 7870 1507 4347 8497 4934 9979 3388 693 6196 9593 
9879 8851 7594 7837 5159 9818 8142 1431 2081 5416 2457 784 
8805 1783 2009 8172 839 3067 8630 8852 822 9952 790 1673 
2091 1289 9648 2467 50 2864 7649 4125 4432 3917 4879 1350 
2915 9392 5948 8611 8114 4326 9028 2709 2722 2311 260 616 
7837 1374 578 288 5983 1740 1178 4302 7481 1920 3478 2542 
6743 1946 7923 1223 2835 5759 7875 1662 8259 9719 9896 1296 
5034 9126 4904 485 4840 9181 5676 8035 5075 1981 8103 3044 
889 1813 8294 461 83 3867 4828 5771 9675 2262 1649 8606 
5282 8827 1460 8245 7751 969 6325 8436 4102 1792 9708 1968 
6160 6953 4738 2439 8358 5285 5282 5499 8439 9619 9278 2 
9247 7118 7706 8377 5913 2206 3869 5779 3639 7971 8980 6707 
4734 1403 7642 4545 2569 3195 2080 9354 2756 5965 459 2814 
9399 4792 1843 2944 9235 1720 3258 8596 1566 3647 5997 1379 
869 1690 2806 3436 7284 2297 4690 297 1136 7464 660 7883 
6928 8858 4147 2056 9483 2464 2761 773 6476 6067 7967 8952 
5917 7434 1896 6067 5490 6358 3607 9144 6287 6253 5764 4171 
1023 7281 5192 4557 5209 2516 2378 2256 1064 3173 3583 5490 
1583 8146 5602 534 6343 6188 995 9527 8298 1721 323 5563 
386 5581 168 7339 8972 5281 2343 7137 8522 1209 5607 1158 
6349 1052 1085 8623 9498 7650 8104 2835 5623 7927 9538 1647 
7735 5160 8797 4165 3340 9526 3065 8046 2855 2165 7186 5732 
6736 1753 1652 2715 2496 1416 3924 1601 7522 5923 7963 1594 
5746 5824 360 2864 3207 9257 9449 3934 8380 6897 3344 5419 
6439 9049 1689 4806 2587 2196 5737 9718 1194 7721 3527 7146 
6538 2012 2269 9596 9312 380 246 5592 5115 2264 5024 2602 
4201 1864 3604 5086 6186 5522 5093 5013 5077 9256 5032 4225 
6665 9631 6377 3569 1251 4033 435 3655 2922 2451 5541 4776 
7808 1378 2037 8623 1956 2359 7115 6044 3919 8914 4717 9429 
1309 3576 6791 2136 9949 8785 2336 161 2956 2754 880 9300 
1167 4750 4565 3478 777 4992 3580 2475 1753 2412 7614 8567 
609 4935 4587 4806 8886 2543 5596 3165 1774 4534 8348 7183 
2868 4813 296 5444 3337 7241 6341 3346 6633 6344 6527 6390 
4101 5607 2121 1483 7046 8054 4743 9932 843 8806 3752 9927 
2983 7248 3744 7665 8201 712 30 3362 3984 1545 9575 8066 
7709 1921 3483 9845 2697 3857 5971 6408 7792 2459 8948 9595 
9175 96 6830 217 1070 2385 3283 3933 3371 1982 3799 2169 
8546 3930 6268 8188 7738 9760 4712 9748 4948 9774 1538 1409 
4485 6556 111 5149 1015 6962 9419 5825 7653 8472 9551 8355 
9381 5001 2160 9930 3378 6370 892 3992 854 121 7990 8349 
8705 9697 4138 8152 4757 2874 4569 5030 2511 5794 6999 5770 
6183 8419 9161 2877 4771 8825 9650 9449 5173 1661 3180 7968 
4257 4415 9593 8925 804 7228 6323 5790 3541 979 838 9220 
8688 484 3886 8471 562 4353 8772 3862 7536 1073 2556 4957 
7830 9744 6822 9319 8679 8516 7698 2603 6688 1677 2390 7260 
4325 7505 1199 3964 5002 4773 889 3349 5452 8560 8630 3010 
822 8768 9836 7489 1771 4242 4954 1191 5435 648 5523 6301 
4334 7173 2097 2979 9781 2932 8411 8368 8133 2596 3224 2091 
382 3782 1480 4239 7590 9316 3281 963 1791 797 1502 8779 
5363 3489 5641 4273 4379 7192 675 2887 4117 8824 5500 6559 
3017 2201 9815 3624 6309 5671 542 3862 9541 7672 257 1668 
3007 7024 8314 581 3122 4328 3381 5558 428 3148 2559 5275 
9052 9628 7460 6195 975 3103 1058 5540 1321 6228 5576 1955 
4984 5469 1299 4258 2212 1696 9033 4018 1137 5813 9400 6943 
6918 397 9474 8754 9142 1320 6022 1454 5962 3969 9941 3066 
1021 5061 462 8050 4655 6243 8175 5274 5970 6 1428 1577 
453 1752 9037 4147 8167 2695 7107 9858 1820 8125 9355 7689 
3430 519 1422 7326 7307 6597 2304 1176 6132 3948 8848 3415 
4676 259 5339 4237 1873 6714 164 5988 7312 2666 6994 7750 
6229 1463 9636 3222 3635 8441 7893 6631 6460 6779 5236 3331 
4255 6926 9130 3836 4680 425 1234 196 3224 1961 8268 2553 
4241 3023 8097 2156 9484 9391 5 4774 5732 4690 2097 2796 
3213 2023 5949 3108 3864 7720 99 5738 248 8345 5920 753 
7674 9340 1281 6242 7724 4571 5285 5173 4667 6923 9805 9229 
6524 3760 8549 4122 8530 8492 8879 6544 1479 4128 1851 8938 
6957 2980 2000 2640 281 4345 1321 1323 6175 7707 4552 9384 
6331 982 6348 7434 9803 5102 314 733 3411 5235 614 6088 
3227 566 2804 9338 7989 3819 3665 9052 5197 3333 4642 3907 
1707 542 9556 2796 9687 4569 3059 9537 4120 4618 1486 1467 
1887 3416 6709 2205 6492 6913 8331 5601 9804 9854 5117 2650 
1255 8139 2047 4257 9872 7452 1496 6780 5463 2816 4907 511 
7621 6841 2418 3320 7395 9624 2504 813 2163 7613 5302 8097 
1744 6351 4656 9168 8461 8712 987 161 9964 5597 4156 7567 
9778 8890 7415 1010 3074 7950 4018 704 5370 5488 8161 7686 
8747 8904 9821 476 833 5324 7956 1945 761 7496 7084 1730 
4687 9729 5391 9446 3610 3667 304 3263 8428 9332 844 5051 
3942 661 8321 676 6655 8757 7584 1531 6710 4219 7582 1244 
7087 4377 7156 3044 8438 4111 6293 3899 5486 4374 4379 990 
3475 5112 5375 758 4860 856 759 6629 1605 8005 7977 5230 
7972 5169 1254 4089 4828 2536 180 2265 1079 2188 4841 1619 
4433 4231 8182 374 3928 6232 2091 5274 9644 5595 6313 4730 
5454 1469 8956 9202 8121 4074 9520 2885 852 9888 1089 553 
3816 1568 9978 9441 3381 961 3366 878 5210 7189 6176 7576 
9404 4903 8994 5293 8919 2250 7151 5254 3962 2198 1665 3295 
3428 7526 1995 9457 8863 990 7750 3210 5191 7507 7388 7892 
4633 4718 9103 8778 1580 717 607 6000 6222 2676 2704 5276 
5055 3522 9295 4737 9746 9042 5822 6747 706 1932 6939 6370 
2558 562 7615 3278 425 3795 5685 8584 8736 7351 3535 1151 
3807 5257 1194 2341 1146 6915 2993 4929 2102 3582 3589 8516 
5894 2981 8539 7518 1728 1070 8057 9492 4305 2595 7655 6476 
6751 9688 276 5066 8901 8816 9454 3420 7097 9229 8880 7481 
3412 2719 4384 5949 6545 4666 8462 925 7473 8131 2652 7714 
8753 5197 9274 2606 3819 4244 7494 5925 3917 6240 4868 350 
8506 4944 9686 5887 6308 6085 7400 2950 8017 5728 9195 1380 
8118 8337 5518 2596 3866 2345 3604 3967 804 6167 4376 3845 
5603 1675 6725 5174 8577 5273 7450 6949 9852 1079 4419 2125 
9992 7549 1731 924 4223 1701 764 8794 7634 9934 8286 9018 
8617 714 2073 1233 7629 8904 956 1111 668 3056 8821 6175 
4234 6989 2919 9701 3359 1476 5740 3796 8472 3474 2678 9810 
619 5991 4474 3046 7778 417 117 5344 5910 2469 5491 8123 
687 3795 6919 6702 6048 6343 8766 7412 8594 98 1452 5509 
1570 8069 7999 5081 2618 6879 164 2728 6275 8035 3392 4570 
6393 3205 6954 6473 6405 4351 816 795 9478 6191 2268 6657 
6049 9323 6001 7804 7291 2591 4469 2766 3391 8078 1461 6356 
7597 5548 5655 2188 3273 7012 6129 5814 6539 2985 9691 3773 
6968 3721 6730 1726 1830 8859 3604 5868 6247 2075 3593 5659 
474 326 9010 1897 7752 8590 2577 6978 4720 1609 9140 6892 
5543 4829 2493 6119 4333 1072 8351 6412 3210 2588 8598 2312 
6149 3355 641 452 2728 4168 2329 9561 591 5076 6005 9280 
253 943 7140 5535 1282 2806 410 2984 3277 7706 2050 9339 
4895 4886 6610 5728 5631 4037 1032 4932 7879 2819 9725 3517 
1822 2002 659 5016 8414 1242 4762 635 1142 6055 4685 7845 
1033 4039 5160 1142 2795 894 8043 4694 2591 6649 4943 9293 
5705 2579 3581 6527 3167 9330 6446 6190 1459 8762 9546 451 
8568 9063 9128 7382 2623 336 5155 6150 2336 9791 8620 2263 
5462 6302 9262 6420 2910 9163 2776 3916 7747 120 1249 3470 
8557 298 4319 7462 7451 7440 2715 9115 881 3544 149 2399 
1783 2866 225 1300 3945 7311 1242 2597 7336 3538 5401 1097 
681 1251 6631 1695 5535 3670 929 7766 7048 1311 1032 5413 
1069 2182 7880 6252 3946 7408 8698 8131 2546 8308 2439 2295 
8209 8798 2276 9120 3092 7051 1050 3059 808 9995 402 7270 
7252 4963 4059 9247 9009 2847 9063 77 9678 5314 4430 5367 
8146 8519 1173 4986 6498 399 2097 8193 217 7748 9432 5429 
9288 1822 2323 5113 396 7565 524 3796 915 579 9252 9758 
6612 1691 8568 8360 8334 4376 3175 5719 3906 8699 6328 5741 
6805 1521 705 4930 5763 5314 5086 4068 8488 377 7100 7273 
5229 8239 4565 7019 5741 9063 7853 2935 2749 6721 2064 8139 
7332 9157 1891 2341 7314 3441 2078 2414 9173 1314 2730 7508 
4030 6214 9085 8577 6874 3382 9665 5731 9655 3370 3625 9903 
7016 8894 949 7193 9265 4871 5962 8280 6393 5340 3745 2960 
3378 4476 7817 7292 5832 1492 823 873 9548 8194 4740 8063 
6413 2097 2897 6772 4621 4748 7603 7226 6392 3829 1048 6872 
8996 3744 4391 6207 6583 8404 1902 8754 5331 5764 8726 2632 
4808 9718 2176 7861 3278 5294 3591 8000 3935 5004 3235 7949 
6572 24 799 4591 2001 7611 3572 9868 6837 4130 9696 5124 
2710 714 8776 796 7224 3162 4277 7151 9816 6088 2652 7764 
8080 9957 7319 9980 3917 717 4791 9465 3203 104 9288 2457 
9345 5333 3682 5522 7332 5852 8555 2868 1326 2555 3520 5210 
9864 5641 650 7982 5795 1558 3653 2823 9918 3349 4109 4137 
4344 5961 7993 4309 8843 6950 2841 5151 4022 3308 1674 8485 
780 6326 5192 6022 8033 7502 9518 9161 265 9554 3272 9064 
6290 9281 555 1248 2963 8102 3841 2803 3881 843 3816 673 
4651 7836 4634 7563 4790 347 6259 2739 8541 7835 2889 1479 
7340 6796 8596 5655 1440 691 8203 4828 5582 8806 1063 470 
8972 5187 5254 7197 5225 6143 4266 6133 6200 7502 8523 6286 
485 6550 5074 9713 5710 6195 8816 4825 3433 6400 4121 8999 
7411 9806 8502 3652 2020 814 8651 9490 8580 6705 4796 1047 
2558 1687 1755 4787 8665 4864 5629 4630 2199 3868 949 4655 
1503 2755 3520 3482 7330 176 8826 6749 7577 8353 2835 3587 
1060 6170 5026 6204 7767 3615 6631 5640 798 5673 3457 8991 
6113 3176 3459 9382 246 9960 4396 4485 9798 4097 131 5973 
9216 2254 8306 6514 4239 2469 6657 9202 3177 7135 6539 5184 
7638 5344 7753 2384 5212 4566 5163 3950 7421 3765 6709 8657 
4239 1301 4199 3572 3106 8230 4767 4590 8032 8120 7875 7856 
4119 5859 7437 3030 269 9519 2819 246 6933 690 695 812 
2210 1799 4926 4766 790 2014 1406 1466 3405 1758 8270 4702 
2445 4423 5442 9407 9040 5979 4355 3308 6377 9880 8863 999 
3314 7736 2809 2830 71 81 8788 3344 6929 7821 7173 6089 
5957 1375 7519 7424 8872 1861 7080 1911 2986 604 1938 7181 
5144 8997 4388 7906 6696 9052 5399 4426 6612 267 3943 2411 
5153 2977 8321 6424 8701 7948 2064 5285 3785 7312 4249 7695 
2994 4214 1848 90 5264 5768 5466 3463 2593 3900 9245 1507 
8179 3386 2674 8701 9321 3935 1184 6108 1670 6725 5633 7774 
8846 364 6429 2116 298 3397 1269 9960 2873 8849 4546 6250 
824 3009 2899 7470 1362 3527 1664 5231 7611 2580 6352 6061 
4580 570 192 9451 5288 7841 7337 8143 5914 5586 1522 5998 
1276 6188 8256 969 9355 7388 4161 5670 2020 9543 5118 3885 
5926 3019 6718 23 7189 4706 515 8208 9096 1090 5320 6002 
5877 725 7278 7552 5791 4330 7194 4847 8026 5895 8016 796 
3482 8391 3781 2345 9965 524 9077 2908 7679 6712 5424 2836 
5994 818 716 4289 8637 7587 8555 45 590 304 7300 5297 
350 4268 6803 3531 1174 6884 6274 7859 7711 6909 1 7144 
6280 7550 8489 8307 7346 1839 62 8054 3838 8296 105 7327 
3729 5980 8395 8867 6856 1690 3488 2835 1314 2228 5140 7939 
9011 2853 6400 5827 2538 639 1039 7158 7007 214 7330 8880 
2747 7943 5489 8387 8805 906 4458 2567 2411 5175 7421 7755 
132 5437 7902 6977 4661 5148 3259 2592 4108 2160 4010 4668 
1147 2999 1600 7989 2208 3648 3616 8277 1596 3106 6025 4576 
2777 393 450 4288 8512 3720 9066 8439 1838 4040 2458 3040 
1590 3049 2338 4741 4045 2135 2588 5762 2085 7991 3896 8037 
2832 4239 5917 9583 5771 5547 7529 2142 8045 7888 5990 1373 
9744 9513 2222 9444 4808 775 8033 8893 6735 7845 1521 2440 
2528 667 1305 2885 3205 4683 9531 4073 8910 678 3441 9589 
713 3026 4180 676 4398 6166 2288 7457 23 357 1696 7570 
7970 1841 5990 1321 2248 3161 7791 6722 3104 7901 2327 7931 
8305 1286 2651 6979 4823 1675 793 1426 6526 3547 2679 4670 
7659 8078 6377 7034 9758 8637 501 8709 475 5768 8372 2206 
5581 610 6228 3572 3222 4168 6365 8695 9840 1533 6695 695 
6415 7746 269 1291 5201 9067 1231 58 1266 6775 8381 6398 
726 2009 7783 5152 3730 6845 1541 4128 6729 482 3177 5389 
672 5372 8392 4039 9150 2160 2362 494 3462 9315 2398 1496 
2358 1442 5306 9030 6028 6555 7813 2783 8146 1634 6149 6084 
2947 5536 224 5025 1257 1212 3515 7875 6713 8737 8456 2343 
3445 4585 4216 226 5635 7926 5562 8992 9271 3075 1680 9681 
9116 3594 3458 3951 2653 2842 3742 9798 4209 8018 1165 7947 
6367 2323 1381 8743 1611 7341 5038 4588 6693 6278 3683 8469 
4198 2882 3961 8541 2290 6858 4943 3658 2369 2839 7014 6238 
3988 5277 7847 6677 1080 2005 9062 5646 9384 3973 7983 3892 
5102 6427 6362 2167 8543 5564 6135 1389 5973 677 8850 1695 
2852 9815 9302 5473 3969 687 5506 2381 5668 6360 1852 3030 
964 6848 2750 4290 7901 6213 9485 8923 3868 7808 5624 7743 
4635 9010 3109 9047 7918 7629 9695 9903 5502 4123 657 5760 
9141 2613 9894 6903 6221 9812 2232 1731 460 3100 9443 367 
1609 3896 6986 1495 8464 7664 4190 6836 9007 5036 2936 5606 
2132 2652 9659 1725 7324 3039 6940 3255 7734 6177 903 723 
9566 7314 3786 7284 6240 7880 4655 5296 1527 7034 3561 5143 
266 299 4802 7195 7449 9986 4813 995 4509 3971 5350 9588 
3543 876 3076 6054 5979 2303 267 8607 4274 1801 1819 3443 
7966 5938 4680 2979 7 9063 9165 1593 1862 3172 2535 1134 
8009 9506 5953 2166 5353 3378 2421 3750 1100 3629 8989 362 
2386 1439 7413 88 3021 5163 3148 7625 4960 6121 6101 3797 
6754 3930 906 7054 5499 5353 6861 9421 5567 6767 9131 640 
8616 3347 5953 1280 4403 563 8844 9873 4919 4851 181 9125 
6432 7727 9610 9642 6057 7620 4750 6109 298 3243 8249 7840 
3834 813 3890 7130 7558 8086 5717 2581 6260 7573 1115 918 
2119 3305 3508 5260 366 2810 7718 2354 7574 5453 8205 9503 
9130 210 8810 3950 5683 8676 1210 3946 6763 1577 8038 5204 
9494 4823 4903 270 2283 7725 1258 8665 2299 7399 8623 4809 
3079 482 3633 3459 4046 2416 9621 7006 3702 3809 6197 2691 
1314 3497 9940 7333 6590 6928 5668 5017 270 6638 2959 3035 
653 7820 737 4212 4737 2533 8827 9047 6208 1131 507 1212 
1990 3369 6456 3291 1976 5388 4001 7210 4215 921 3683 9160 
104 2683 4382 7171 223 7198 1063 3971 9569 8957 2675 3430 
6448 511 5370 3819 1638 3914 4858 7221 8572 207 1367 4669 
5711 9883 4213 980 9306 9206 5350 5518 7563 3633 5288 3157 
1 2803 1741 4324 8286 6496 9780 1762 1306 3568 9796 8526 
4088 1036 4515 140 1929 5847 4485 3484 7413 494 4460 2099 
2804 5876 3025 9686 6771 5452 1399 2754 5594 7255 1772 7319 
2748 9025 1648 6310 8550 5432 5642 9010 1604 2099 7266 8885 
6164 6653 2707 2791 6227 305 8609 8233 7421 3745 2360 728 
8856 2737 8298 5963 7149 3243 9535 6595 2157 1812 7876 5258 
9298 9947 6370 7916 8005 1497 557 2264 3680 42 6169 5288 
377 107 1030 7554 5463 1283 9778 7997 8949 8636 8575 3041 
4195 8947 822 3223 4110 5069 3228 6834 6991 2852 6141 7848 
6290 5127 6598 3607 6606 408 1609 5287 4582 9099 7498 2055 
9081 9557 3200 2099 3832 6175 5080 9229 4956 8336 6264 3410 
7299 5400 8952 526 8563 9340 3976 8038 2405 8776 2208 9132 
9129 2143 429 4694 2112 3924 4492 7327 5961 4870 8727 4046 
1766 1463 6618 8878 9307 3912 8915 5070 1394 8345 9772 343 
4960 5551 8684 1177 3342 5645 5723 7508 6280 3124 3411 7105 
2400 7932 1524 7629 4349 6512 796 5162 4089 8125 9328 1424 
2440 6857 202 6137 6627 7142 9336 2433 1308 6418 1004 2570 
230 7274 4156 5956 5913 8725 1141 8491 4354 6538 977 5515 
9392 7184 94 9180 6172 4124 2938 9964 5965 2657 8114 8658 
477 3632 3677 1770 6351 4385 639 760 3173 1267 5291 5792 
6467 5230 9549 3540 6808 4731 3710 5749 8079 3101 8158 1743 
2750 9167 3079 2496 1175 3888 1149 8303 706 179 4971 3358 
6663 3472 2106 2282 8435 4230 9808 9160 3272 6973 8018 81 
3206 9770 8125 1623 840 4684 551 5037 8618 7962 3549 4379 
396 8093 1535 8714 3439 2814 9559 886 4055 7559 9398 203 
7531 5402 9788 5132 907 3181 2672 9033 1287 6286 351 3062 
9980 9278 8043 9306 6002 4340 2054 7484 7690 7712 7607 2353 
3968 3396 6872 7898 6068 4203 7345 6341 7622 4920 3911 3074 
1050 1687 8986 4315 5470 4752 409 1979 1322 8498 2383 1007 
9906 9229 3412 386 8756 1513 6213 8363 3137 1094 7243 8812 
1558 6014 4351 7945 7271 3383 9320 9657 2750 6061 2419 8359 
8910 3386 5268 304 1715 3422 8090 6694 7187 3859 9401 3659 
9929 1819 8566 1462 2707 3798 1276 3690 6834 4054 477 9966 
1235 5100 205 8264 8389 5681 5984 9161 3184 4981 5346 2483 
3156 236 9 558 1426 6755 2454 219 8487 9747 7762 7787 
4774 7214 9173 6600 186 9685 7780 4304 9225 1957 12 237 
2668 5151 8853 2462 1 273 9805 5550 9078 7217 3827 4062 
4646 5301 2635 3878 8418 5937 9760 8221 1488 6266 3854 1183 
288 5874 6089 977 9867 4005 4298 2771 9818 5220 6060 7833 
4652 7856 6234 1787 7631 3755 4827 4550 2911 4130 7852 2910 
8396 7718 6007 6582 3277 3661 3891 5665 6244 2220 9823 3160 
1045 3444 7601 5892 5569 5687 4568 771 8859 1250 3386 3503 
8525 2971 5348 158 1346 4494 756 3772 6220 4690 7516 254 
5298 4614 3572 3254 3040 7477 274 4599 8072 3649 3756 361 
5733 7123 9592 5044 4539 4898 1209 8117 4369 84 2014 2636 
8010 7952 5076 5594 1186 8740 6770 4104 3061 8389 807 5211 
1709 1558 2766 9504 3281 7316 9401 7829 7222 7925 8618 9692 
5649 624 4623 2605 717 2097 3221 7717 7235 1212 8850 4662 
1884 7006 2830 8543 9455 1202 1119 9269 4894 7132 3115 5539 
7601 784 9178 6128 7436 5465 856 372 696 4822 1650 1339 
6150 786 2055 4646 8913 5339 1616 6130 6919 1727 6335 2364 
8785 7786 3600 4370 2859 9345 2802 7253 6429 3982 6750 2619 
6163 5657 1024 2743 2173 9023 5050 7056 9256 4790 6113 5755 
3696 8033 5612 5154 8536 865 670 3519 2214 9826 9838 3487 
945 4678 7209 8015 8324 2501 3263 6427 5999 847 5222 7746 
9019 9156 3109 2029 4354 5965 1811 1163 8280 5080 4352 487 
4415 6901 1753 2723 484 7977 6872 3611 1623 2522 4780 5019 
9320 9048 6521 3266 2220 536 6758 9337 7244 2422 8971 5958 
7511 4624 5095 3115 9948 1033 4808 8734 4236 2269 6871 3525 
3557 8814 1684 9961 7448 1095 7492 7235 3257 505 4094 9799 
9891 8873 799 7355 3307 9316 2003 7006 988 7727 7595 4834 
9294 6608 9811 605 8441 4581 3512 3855 990 3248 9882 671 
1421 5004 1348 8515 5461 6622 4821 1236 3983 8961 6093 1801 
6408 9667 4863 6998 2921 2083 1138 8824 9945 8131 6823 9074 
7559 5520 2150 8891 2615 5051 2389 1704 6665 3229 5037 4167 
8681 4508 9823 3101 4782 1701 7886 8872 2195 4104 2141 5698 
623 7421 5001 8066 2503 8069 5458 1834 6456 7528 2024 1141 
4231 7929 3737 2342 285 6210 5305 8968 7720 7462 8288 1959 
9558 817 1357 2642 4600 155 3387 7151 5861 4491 5928 7766 
379 600 9373 9385 8359 1085 3091 2092 2871 1593 7033 8620 
5509 5001 5164 9391 2265 2687 3208 5532 2404 6189 1127 142 
5030 3305 8759 3284 9640 9509 2714 8115 6947 3201 1771 473 
7654 570 139 4799 4772 659 2307 5633 7496 9792 6070 3910 
1248 6124 8319 5766 1112 4676 7884 3259 8251 386 4725 9503 
8859 6830 9867 3518 6195 8000 7691 3687 4833 4779 5237 2400 
6212 7355 9623 7134 1201 2747 4168 3667 7015 2131 7122 9933 
7370 6952 4063 4085 5346 6143 2529 5242 3520 62 298 6412 
3645 3295 9059 7786 3560 7307 4620 9535 8419 4478 2821 6243 
5246 5699 6339 9266 7476 505 6074 355 8449 3107 7537 4286 
8455 9490 9477 7892 4237 5874 2390 5047 6009 3754 4895 5590 
6597 507 5166 2296 1784 7387 720 4342 4048 9769 9177 6073 
8460 4209 5024 332 1456 3664 2861 5384 8024 2203 2123 2446 
7107 7334 1790 8767 1020 8951 4482 5730 6911 9409 5786 8083 
5855 4341 148 6020 9331 8828 7727 5318 6337 4443 8066 6524 
