1000
11 2 1
114 5 14
114 5 57
386639458908248163 665170697931510453 291427391989046382
717773852319379605 582446743951725436 212603170220733833
426723267747419312 664961187008745097 317812939048397063
164171296645620635 534501156948478933 91884823605361139
74834842986945490 560691696790960021 21235124315197974
650013538827887871 387195473602787925 237176475520784295
371944538762052880 217998577722414273 180817710310745221
485483853625570952 680343154631147904 436503181594110113
472392045434305293 90092027841897946 85916954506345640
74199175408908366 923322197116265143 63968866043610877
527599693244936258 919310461148793371 191111959099385919
605837336227809986 724021332994786426 68766770708812258
724379793978816813 75517774617751077 434289163277211074
91608033483187928 209347187045272023 74094274554865610
157273873798885138 903670852727863353 71108130619906562
641579360314358591 874128927533459901 330926213328452245
653698937076912838 12395098140563378 619726283819254746
823031340615034310 542164067017952861 788742424516382048
789538900487791184 912681505588242147 697832574246262445
932283991415187943 368194421103020851 95777320150161275
124541818715603791 460702509360656793 31318065085960697
77482217424063469 407674148369590710 65859359575252617
508103068756263866 655717376937648377 100030280244035035
319246330044283373 816954958797253552 220244726548142680
130881155597616927 649189697340710489 128425771620081164
323286648159352502 570076988087348249 235748565413460391
930936499081090384 721658796804930445 345281492722798039
434906870986647994 873843192461338076 82270475464816379
888222698408300316 551140964170279906 819545669735170664
564442653909521598 271303745338973994 86119489924826497
285704463539081976 472920176609973794 36558121219609709
278526177787980564 359425208150185625 115514685184936862
534977335736521405 322418276853031111 355125539711630942
206074516318962461 64506833363536835 3661604471836092
330878880914020275 552204777139454949 243001040189072992
649705008614622855 688047541094845339 273898215878550192
199382651965933602 677350690483183354 10960514570771467
956754216643978788 45830624997721648 565137669888089189
261032614456656083 560127553707575642 217699759012428005
504758986468527687 461898433246926628 154842455439576454
559003864257124172 174753292355268571 260059357944775268
934749640096081772 362059483334272778 537118086386390191
491194680871393527 941011767853058696 265626639432503323
386764021594082094 789275686557336667 362596939423486057
170287174133357007 632665006458348695 37125067673616861
773952244349973104 477090214771231017 115483976564131358
373117761212169457 950996187984420224 305164052743287605
404738512500769211 760702500171322661 152214162169570718
533783444758973069 42687434157161100 26771977396135139
198303972410282518 922785461734769111 39556970337947309
457310984940130681 859916991068379266 125801353588230105
856120184102846976 234199165062440950 154466367050900628
894674805788991733 461570286747451017 160776350267850069
240183050515336728 635848746259342964 36367600850636194
784988321325547860 217928827641767901 149063193318015051
552096974931187410 778281925603352270 396455275910956880
369329259846689165 65099768604963562 316769333616498087
484047822179151261 535530277065604452 243043922246566579
895012181345617668 65382944160160096 512602004692698740
558228225617314669 407395246316891025 313323910982493036
84647350617595747 68656940238423239 79768746052522406
925946327525160812 270647911891040536 494147720692364925
954472570128225002 332501361939961123 872467774457581792
249332439400859628 134708149804634842 39909777612102910
660678926626612521 801081009676074314 240456435539443112
868618356393139615 995862962161071353 62795069209263681
517256971332253442 64746965169664789 89285143799946290
120638692301218412 383075737869784295 6555073782770199
561202821174642643 536183309080709123 52703899442578471
925138757259490568 537323480002195384 233010946431420265
978427199290529873 696295822412294252 441974201131076426
738556103006342752 49407493330676777 563328256897222044
335688553717931039 730237664545654640 215149404300545946
88049827762390143 275754916208276291 50784071806810879
787590786849776903 774135657525673880 404008064960941368
761858281132596838 365063567452529181 415384340877777263
871794513093789557 681901625088513226 75204282555587917
596715260922810426 571713775599228539 548261260005646276
289586544534568805 812344430447265877 277685244626089586
143576388618667472 305638860920326039 29647750410351045
628253636028186955 800697337320496395 429548841052917022
219277157847054868 895396369778770467 53769369804081578
147615078939833636 59150026052946631 67841724933641525
658067062839337729 855349004246575449 466628834564769798
791956352740652930 723635336127705283 162870704909318444
849934408002360982 229909026841182203 770016838598831735
484907384645431967 737371953310020287 368467652154710671
895777552752351698 249318196154004219 399296567106417898
354746199629411243 185691257498191176 236386173891476251
390719880293976383 536953195689098043 137605060785241545
317480682172204440 906088384117948466 159502548397215434
268532779219698253 211498483883026917 245132102720984220
169403979664648730 878506431744639009 122277440342974161
778403245014358816 814818495140601992 127593338303453751
382906049573860227 321961123546052318 140798554237901202
823272883472497764 501418227401050206 594846492882679212
859725260007506222 396371418651659881 539692568850459400
93436756006754102 321351250303867284 22209115281324682
822460056434204837 173296513039696298 247040017761468441
968949186733770344 969152330222292226 668657699439666331
869221553535492510 950812808726578070 51041255849547080
20936432769796052 649310440400851258 5604384920721895
346407839159634542 823214417747881893 172963245589885767
485989562083396475 897983013685346157 467232280674281236
789377293907893439 455761676283287633 64919830280066825
536707666435797374 697502097659539125 390982540773120573
4384396953363236 824747901608605489 3479535254343916
177774978997003074 40141671891027280 89210365816041436
750107120221330160 583330210455649040 636837833665389795
658457690796664274 258679767891132547 280177913438512717
326994959123765754 868922603284886598 26646278428989382
822506619134335792 52730623316503963 117748660350555024
176136037140117519 662856662898417135 119382007716377705
435940049086827585 280755726805731657 174651997464938597
806792933435745298 493791603666425587 155872747967153689
278777831115921773 631252835414619515 125868271438832084
281396088758062595 636622038250481506 100118142902740320
516579302398697399 474370298487739903 230728568484999976
651433187722738635 797787629298212562 9849160143175282
464645896321335431 81517605169666249 403386108031165379
44142532017514615 506669653094093278 27771863032305114
889058758329673687 917919440252965827 752307370150169888
719319331134500710 835452715675947071 369873426167392049
875414296099132493 852804196648294253 544761422161684128
855367541334934416 944456974997825417 621248527464088937
262328056014259228 210218608274024016 122604667571466169
823404961706270996 183093573246594782 622191281064607328
242555528228903691 98783539873245031 124490267426749727
172575243746848588 648771090447983464 32703637234912725
816756034377864719 687494513776967798 641984911218775067
310765764225631336 970888126188652700 52427229534902193
884145733432861926 423641002407238192 19360231323100215
547483562027573495 534681695454737619 190382967935776984
295280051784773191 510386122170974174 86247278840027972
803224493124889572 964763509557686799 62806017829371034
601109676052653841 316604120321643579 384504932625940887
378878556655887246 278053027859812774 5010327371835193
395236177219175096 712163124856531900 163209034117884941
479736568216507751 197609030864137626 469638018390547026
705064605770091728 363681045276637531 99905929932152198
73574326510050976 857802998089569978 51007622785678503
540439468146436585 341653527015622547 445874626315522403
708170844109929061 753364371210671947 684852240397343221
941436151615346307 404503354197830648 840656523182730993
649161572965576170 589941775939616284 264263906362417018
931346092548771786 773261089671133544 46984158539228500
957687171440091074 499635660717947889 103324948602913916
346726439973518126 954018353773920465 39078661870395453
356183549301762023 851643789632398062 225723723080564847
385087883958084905 793158872947970051 32980641708311141
657198020406234354 743003265498364778 123198533950513592
427812741814601706 362745328697059871 6803059632309697
745790121870719608 295723748810927342 17711953611742470
432924866040436447 217747109504905497 21281370187856629
464691744347741189 632688785617731966 73803822175465692
391040634180699639 607295559336110037 333874985211818108
849653898869010740 459598705966634903 300857447119950049
73203518973725320 489631218880115553 27622683395228460
313146960071955511 525641803032465289 295865012518281052
255648091315030792 273373920619942840 200334911894479201
370380297402798636 927301297396581831 362292440967418129
843253856414651652 172566729158213814 5656841148456450
807050235802113551 536184771849696403 386559605974581318
38305786186966820 266851041599685317 13872815230727443
836583745853848198 852636464659925024 835973307587125809
518625586532898338 414853615481605793 20233928414698969
784853936098769463 929084272993911464 698222730404760398
876272628586849069 368335645579665371 502589213074556140
653853282855054966 271785133319933886 276938685377709639
347671051851301478 866848560027040000 86765238912471054
768258334221101122 328504437794078457 105907595812548613
261702238340278531 49713952100014154 176999796513332994
692267880418518550 480565553350215469 599636959019101109
690802192545825290 914099216974398165 521994799351880569
162141590442189188 73267948084359746 65574883745996267
778662868104213246 67086121234726436 644875832333302065
349187172776963864 252063726873632543 3853200427279528
823226072833304975 330417346990955908 822683420483444501
887339558411555372 60733163797664410 561356328623133660
128981517816984111 25614078079791149 110993624227188833
468447975934179428 496332506220966972 176489328827291179
267455098733119469 970559110200824553 8823880134503332
987316245575514891 50108279937496611 23294561366054281
431103168937220336 256189525209272675 409218223513823989
169040664078042711 249714137404025388 95437077033134838
336867880503023932 423392750258370139 183649570580926558
332618785785734685 641505822511158283 154604384150484926
769273264468041504 278013746444377137 49743991617869445
930990002319264017 934101663267042043 111776031758170772
449562037361186157 232278072830940433 60364063712553078
16527652755225587 401397447661211456 10640411353352520
151110855208221937 747763964646617192 12179061011352803
442382349811825753 422359776550607363 33053333344957584
376152115460499548 952150823017827344 5918359315629032
687585670524406641 474616597629547731 109633725378451814
928125766367471417 641934411235598233 103450026940379169
993736309256059569 270145712232771960 961925161205404255
61664422320148475 793120808418679782 20528270195095717
984686551555098733 441299685740986857 352992433398416524
133716306422243841 179213105925797188 67478751745244917
514737832180145420 374713458512628097 445540724788011541
578614076072618652 645520508333057998 102737907443422656
852070889415207647 625037436085294474 222813932814443896
763252576526950821 969337856488354696 479340807268190802
150594242992284711 291756188805045348 99222657042866715
306560627446580953 551885722388499211 246209518786509019
212478897768452406 861104828275597008 30756971131340337
973981108345616137 109658575893905627 323814211666755199
824218370639777407 267731655169981534 65008781855171837
416506462405726127 871466442294214735 33097027420554713
587787879697156146 304664986996493758 321702619485257446
234159350171783748 895968540512916146 70940226363877039
445083373048754236 683997665875786203 153593996058694075
194326579897053273 622637490424015212 34591062485305703
766416779438671661 72342805932220144 176384520654355506
652640412300669274 114251749575478433 182513141494036980
700040616059223770 588050956058371684 190574769691590348
334694692477351907 198306230374508689 316361506428082839
343566513046242114 675744480069796103 203581032192201414
887231415540000232 541466639572847462 372929231837111301
363551905718977222 534327662537009712 201232430781689420
589732920997859096 94936289763493459 191053013999975011
994523524518959717 598603646893990670 531666634005950613
650961030457382691 355577542325841118 266856498175675455
566925894815170346 74772385489664432 26846553991650337
920476966264424746 534054593377868348 20551441006373538
4616739191080226 435137396653085267 533696000490289
271791406027357876 569028539768824634 126918017076577347
786449710200429276 512930039678019064 676204557056504241
470670991499399133 353538979442007416 217437027028288730
908180510520942189 50859902188438701 630513665567867696
867355822585130518 843524322536621672 800126535781453617
138950331694012862 671734424316536736 90673517660349702
144520417056313106 895367068793667591 56102038285726001
455295781941184521 839223278689514875 379350689219537573
608184266371369878 317556640449828701 243523808279929459
707814203133244860 734654641296774113 392421180297085929
320395626634558445 586010683582427601 11430069030083865
237503616530873174 482854155282167313 17926036571944676
905143207827602962 274764892583010222 340489898789568781
554839168456963263 283012516690687003 351450019131423287
87182710504020162 855456798908266088 55540657084605889
436176385314364104 711055464010332927 337070116933823041
121677967162344205 71733458034702860 69359633544443578
905189960655839430 422568159713678612 342969813994477319
302076547155986833 840246396319475183 18421690767845738
621860145726834843 929267149635294178 426064937169057494
357693767727805719 954359695694149447 5483349607718218
80049698679613846 620569215097829611 47608550182352363
354514202472622562 658897818460864052 88070087130424271
893208018692340398 273289864175948493 154120819354374120
911966924686258798 949993357396417570 32011285777014193
434199688482530226 140112386569769396 263954980663962297
957767597890077337 241564466222444544 645986258867312120
75842737539312343 743291801722990833 54339410846219854
84920400394238227 318370536997697789 49918322623406991
968598096416123225 962956952885579929 819276834075872511
813716556262669950 647733439514536757 35529514592385554
613503540112084514 661610628285893904 148172514882410698
56202543838918018 978070264760373538 17273066681052113
411276293179905774 324521199256093769 98898278674148060
429979263556784359 714480061361891108 246341537949244807
578877265476349281 573885696144046210 161859552116931866
20361679385888274 877888614100842083 3824355301563627
693374806968824460 107599243099284618 77198744016670799
862043093119380068 59461611330039898 180378658568414470
76952665939892976 972794110953665156 4976888983028042
459081295314853677 288648073591097957 381675785315141259
719530500037974424 495328696446929216 88807174638932716
678447331414546965 814140597184964363 349564858695250273
466568942568556704 47499494580847205 352913985488238009
159189435782996534 646733155295276438 23826711464805918
654698379288048642 994733994363015472 8281538957699585
323176631640551578 737642649888731706 42772112114939432
140694371685463487 412009254831398291 129643193863794326
317285153425327180 454500069927584254 164738497503386343
810182283687041843 98132393296904455 564687573912288529
220501819517597932 853341563520654778 188400301708404487
476422981072193708 928235223191278816 238597096271011834
824437333242037783 339555471671832357 134336067448897102
430475570117891831 755713316415335490 70010646494309853
860650049781414181 273393955754284934 89439369909111234
140181543890212704 645393377248820651 19535730865214582
281040594533233259 912380907702122323 138797743508343487
814851124974430819 311290570295162346 363440919450331770
978925223971924665 365386707717028170 510505672407049616
699446102831657486 906479438924726769 398874348176559801
392083997036905262 833665064469525296 48597287391418766
933939463713384973 58160230560040047 209747815277511956
680269444963979440 601532627048622193 553120957882480901
407260328955646997 383098573414581363 45344131514397386
550918243507572051 575592712826924716 78763569393520103
304433759121354912 903700564783088354 227634999988688402
86447689963932223 988055197182121386 33901613979432563
7653814718964076 130986654322062776 795835194328352
764329316768377409 693924703679752832 358743756650805920
70463216433068802 705688614804346411 62285971850056523
354209409676562035 763924370273153502 110085972484343249
233297896768707431 501196946356384781 55263522961054088
972287671077896469 129578228712506221 260439918926327267
865257063190855691 490854990284679065 750144322905547872
955099028523465401 968881488966355381 67852139556508918
113053053565584854 809700642063927932 94157308509611994
168442723074774172 676903604645964460 162901716574328233
765797535100203704 12182183590626219 234085938560097987
234561179768111904 117338566828976966 194146890304976403
14314662420409175 386409076545655284 7607172058692958
508754599809072396 355893789654527290 116994046671747362
196399221227226125 425297968325986036 9921243004312973
645163843088444080 98356902808127461 531422766382470308
767669331037058569 255658764205133998 207307977064352146
502291166016916503 447091141049974347 282388439520733208
216873994606338009 522101983891115378 109828944014615801
200382046862468005 365157220022749208 145043180608568256
457578877768372171 29872985067595657 245789551725934081
882251889055101229 444529881696058990 91649521546086162
622090428569232819 468163631230204546 337952752850028730
977599878646413460 523950893056124560 446167030015719941
162962657358859201 429737557558968673 106108545210197271
722850429556227791 705664956367570191 398744184953350975
403314905224762398 899698529533109333 203550713774647589
113277098787469879 13560878905561414 107115659676808647
173282189269675854 632432557480787283 44919120803186334
103193751016052929 1314310910753533 20413421631589274
759982912559075516 869303887307269092 170844677269308821
87193536911468379 367626615719613777 24475425011423295
938210483165276405 895679387854570621 578305037391147507
863720151983061672 952019958033696650 185732909795617948
922077521730492310 3816140182109567 613989979209485913
469641708614461932 44262663215816810 208191199732295394
370663139136542312 166366327490482147 83519832072301301
213301713241953583 483844917522121654 197370302503932434
920221614639129770 504196187074974713 267238721997077916
639805618388273758 696751839044120224 208920089088031948
368412962402925259 218927638018763462 47056353220644857
954690200857194764 684413230535520001 704491818260612607
11598255184222553 203047165396712489 7101071203159266
173939369362110830 490437125187202358 88208819231696763
176740664309655918 671244456954278701 113305903483711968
780982219100747233 139303170477757152 350510973569887089
60372293624456536 946191836473413121 27625517826862766
925735018101713758 755799251763055153 411685648380065545
662580568044932577 441347292638714684 79658727629815498
237254213199781911 847640059506313726 2298673812928536
251186745733093193 246571425264469306 41051775895300533
376630258904915373 418262692837943392 68611002270142714
256729633985946674 327287787034353833 6903621902246663
451894507761368875 836055009047785413 306548180034860126
536548696779538215 338815570091337097 112091601753874179
476910113103338299 823123708634192613 256837860686359046
61215522135181738 930663396403331932 38835628478006577
106632970114184628 738892174338446603 5763012384631356
15398041086073370 180013181597537800 8952999313499430
542759826747221611 880418933420539672 12982083330182575
872302717526318023 394475932612562081 106285674940747347
833349227921831940 700803733739148534 22054313060459742
674349610012262077 518235007462204832 81916569769194778
703577127679507782 695463692728495507 11126776852059050
249624428609697604 998859410683735632 209969610575648167
778990935568030536 95864408137660875 33905742444841704
558290235034537369 711763855137918536 33815514056165991
472222469123770068 36537473851923190 116427828152452199
219276410789712077 468425823907048296 98480220124831815
568973860248706017 768089240714476228 223262470711299843
346994732304560394 442526355493450706 7238734963232709
391776450059967610 601962346729014427 137714971661019253
872898035366853801 663360982850493219 319384976441954034
263083230083695290 824990354341847801 14089284432543997
523965009014465676 945188248699123897 326442956057456597
846765317593273286 471446859479989009 438951781081627798
848006580038926233 646414836135365088 204955322243924448
236620952158001889 736321588026612896 103331973077651464
63979709747594554 755466933675236126 52735609054264049
120376960807664902 536369158626395240 33946873182383564
858931516203733796 985694634485935801 166325688324675553
779370600415325802 582040369990174015 775968916000004590
506809550244159964 732422727234346725 255437357875106569
424275434373077139 670003913684913814 244120642876577076
301229580357415516 149172616397041564 289035384454188097
80611041795914067 871940964246643302 77780968857492881
933580533454583962 606893890858339721 615833907398629396
560751999831805021 833458469120871483 423095418010442310
346502059276575633 673408554050388787 266762281397671057
560529134304725924 961429828146372442 321466022480922194
658893481696897987 508686254371211782 405400208261397427
842612588187669726 789605848136474528 560902759625598998
385315462500176187 104228116047173311 198935409973257212
624413535894422289 378353637888997314 148124226511020575
699187044840419528 183985070012710590 579672433957539563
628499629554177246 620633074988953614 194069048359787189
528471694998427791 969295533527127750 509530241734850268
67618554890349248 651562764824722424 52288214530010962
251021561549705007 497823527012700037 78116908993318858
832148525942212286 2161155886286913 445108841666766513
312327888263907226 766511472122644406 89047917262916
288598230266174650 590530715490533422 90102309206740412
789077915702877842 795799092678484530 420455445696903030
314376717281346940 846363736675942141 91295296255014446
685699379802259103 470036648772913842 254512060840844574
24478161649024169 650433871791947824 9731633077790127
775657597775289049 32248400657366593 102048457578401451
577801858184055861 206937656404961300 177859995709398486
189994708263886910 193500496193009238 27369338781101370
999965602137052003 33724420668581862 301782988731162527
206609720430387284 698841077136751430 149492607238280533
464977876726611541 203096290782625328 284648901986245689
435131066787492139 600666217292682098 413166439914904083
845218886567030694 676131096677790602 141151809178106837
561230057945484371 520584497065208058 285168824401299093
575755335560846389 475614153185994521 104469572308215312
200319670132385998 393804884770943697 76926015159631833
352500783956658412 982505042852540395 249161723438404942
123503792824678376 924219554606029239 67030819933822918
244883698838275968 619840150038415516 62947959935199783
768357788781010218 44500983516658780 257790083102010065
292018740171034912 784899064734419846 145015841893466367
677651049953774691 955207941399852033 90608441036640437
457753314004377139 854895247549291281 260581790783778858
910722333571524567 227939252635481939 853321599823368601
995772829756493590 116350007377797327 548720051305427557
109054868649287074 27117406778275550 3733404088495575
198301413588255615 303044268191478790 46911097818630025
595559168290148855 139447013821730831 133027173343287370
528430634731701117 447034057116915592 347355453758613608
988129621886329334 143417362121381182 365098805085344946
612190309708356963 343850598847373699 557035453248332066
356035803410595694 779960626377110704 90393378070491154
876817197333085985 290612272248610033 60168825896120428
490976973744915831 729317271772759214 490536036711050870
133873036201990414 814267554614421235 84648702002042949
306347011798248422 746691502320815122 48603694771235624
186779004501922235 153541416490245812 136758587884579012
174479957935755148 899898392140290268 113367793553178030
403742248517060071 328223213315598733 118136917214768180
536822592246260086 780504973587679231 221498901631675583
51591766912527827 94853524217081546 5378513012877507
998783840946965185 806175473675609139 849567397518198296
910207049906212026 548450350308597979 652818749681616388
474343855339743488 287887943089687680 403344992980569062
559448172994439266 426735532817247582 77116232747038517
748635087885399180 925750536924171031 143086829798641887
785847945837185522 908120539177050092 11174246766431917
804046710796448939 350655469969624344 778771363208760938
94114487113767723 457062230467419992 42262069659687179
25752084007248347 61367808676725809 12109669381244345
413606820175898527 339074590248694119 54148203613431765
400920973913852027 523675523520262403 193602556957578452
472198210081716840 751716437028186489 241392670440634129
794758342769100267 496321690552124250 740086029368119039
314034243655693493 382658035985878557 33771129711462363
897109069933366572 60591966494430541 81801253044585998
268922222932355198 436017377899649494 148893540808272266
162979741650379644 196117789834427367 150885340252416229
338949567092366009 91373002223507758 169371777294996564
701207889594303035 108608799300559010 600737503779197437
945249253098888754 205416905115195009 316171224237640707
886111188786699134 719929574851950272 27275988629709436
292164812987508358 634992201811420407 120621949013427060
503928643819796001 710899404985687042 318394414766813377
860274229041967926 35622898452455534 174522368253677707
979490393489187767 313191963976608571 570339010959110037
670603654982214005 205042451523118542 179634720339020180
112396959538795237 405627843706279889 18078206919398104
701478009177181987 31892286791224519 668266527244374305
474589864021950468 254677180783606166 190151358873549088
564473188718286892 425086644766178383 266000219075770007
509208368568541862 287034849484565981 358886144030191292
238694298995433290 840546616942293103 51295631817915862
416765282046376903 713765257816365413 29073956343620352
229798783879448036 729259158598040796 200252817572732989
529602766482873682 355028204275498909 387588453177082681
495066325757965608 684963318967023089 163024890879127788
965120540838099835 740879197528880669 796647335336038807
966628119466680994 709735695739268372 910132889238826718
643717405064302836 516010059727861926 532755515948955935
733332285088863326 565423917935889903 13223973934204594
92278784446983182 192773405486012645 34201563765576853
451704189087779502 182011478561732525 138593535775482060
149893988584259544 761938293388877008 53416595776157291
925670473287075268 947912507872649936 332130298445489042
736579154275443098 187556073978653689 679207325726212546
543714266306379561 622849561485981549 502065414238621949
899650190793269421 426711585038627921 447549955639409775
990906970854481771 145941036553671116 171326408125707284
229403635488125474 165247116594395255 32022245165267286
870354341640204064 334586734396603450 551826032013313155
253876325494138145 673727195297013195 222999130136464961
197460344938412752 691612963730481359 40161688693701423
756884199004442379 687308072147263556 507345360537015409
422311106359187508 61717303032972908 7446464746223050
609756454795018262 13165572468144911 196503949057566678
553968395232451354 316523850420629520 144105400560476401
148021557436093838 135379989398033684 87997069608542735
375189637612883558 322737858870851229 300633880047897796
79731570008110301 306064749486297267 72352980812719963
348030430459072349 414892463833921653 188798599676209498
756720290280555335 355545214855253168 18806855183684992
955528721972466876 470835505656661492 76360513380569286
373129122137288464 49494942425554185 92949290616373022
666433695840115762 399861135802130551 635905496965305132
358922277121740252 979781169842081565 251546077815070764
155075371162484523 729296415658026949 113590709038151406
126304847857102495 332159025864621089 14883167405485541
25518476206929315 65482951076288712 4284525087428371
75580161503760046 243193090951425142 67440004314192435
413997961960143281 173908505752478309 174736563138287670
704144515155962517 730631797013529814 365724162436357087
452263879514241155 770555265105283618 309086041072243860
310407613044722364 31890979906708737 28263428892222898
955580421957399393 441724759707362881 529080975909077877
778848027631542198 428058458551744535 117479692565998663
191286914573014462 465648812524308614 17157196880590580
754261557798672704 877468437369608192 657890087609683589
517958533079801504 565288979147025610 371047124639197450
618493674444788535 403609894041687668 581411853179507627
943719240627531611 183496389430525993 122732404865484370
826903050622901611 278327489711466081 43555466880924093
452671475236637218 556919326039383114 134255067684232498
359380089549650454 236656859582019129 208747996408398107
461646403069534684 330345531467719167 35112904664032050
937131492358738724 383511759908599731 482187036630224499
270877973009387617 129768556123826592 126170368104659981
73456276367176285 871691118634020690 65434633044816521
902391249680944465 688241215969696661 724643835641896339
61371451836995043 361460466130154378 1428527801939573
763759773767625309 733687937327873398 231885368764681326
716347275331828682 939558742876070386 117817450625610145
47352771111630073 258810578661729185 28399438749435789
880218780083628775 103019426417953714 26929166942103483
492226103641288858 958475606551334597 347459327774817953
700548946757495932 188031682002993127 177450974382824965
140704778827244432 669195846853048675 46568917308947671
74809171237988476 363754146069079887 32871404028507605
346206693788438909 554132153838965366 64026922841717334
197008883096744591 396201247167079780 194078523606648298
249864073949136319 569507927209885172 135464748387473354
124905051984782296 662200564352228597 85373400792022268
510784504006265778 628682357079746841 289244268159421571
828218111413966509 616969958981561315 258416985253076983
995777576616277821 274035022168548908 603907104597441637
546431626874522966 731459281350222677 176192905530500013
257631720965196529 596523173799692076 85791978897240552
693336933503460185 603694491155570914 363918980759190454
415059671586548755 575792172758077239 286470778827728546
722263152077030766 722561039331392894 423701313678280167
235990263909990892 903619470770665312 128655783012736448
560388582407915154 468552889577938444 134721708006770893
165656233003686432 959145380507555033 111035637341983537
479616534971539885 602476664635859662 18942624089210084
315970414181082135 883308281135047479 63573316204260878
385110112982849462 53751438215792968 300929869914636989
232478095904554393 648467192765395559 101048360437820712
809126857861093853 346956872010383940 228721191810343390
840780294060832420 68894068533625819 77163710792979148
794106945099061939 69075676480296816 95165207897457392
661532588822536280 426934087361913633 182113229426379633
279536800745286201 820122723534876436 54967426984385629
963922906882655117 758161385299592627 84854342353233934
638129364222242862 340736955094137998 154326956688053818
100135556521209398 902337284393716512 43568655649243009
451773419867933024 467741599622482432 219131427385096138
745157911797114187 556756383724207296 12108727168937250
190308442621891288 174169696566627153 96413448854862271
811576774336199537 757709011913558379 485160500246162539
814874582921723471 981024767096386150 710590873278701591
475976973330272290 950061707637539107 468052082865989915
386704178981613014 323048105191806029 37358098198531048
605084363599166740 866390797923992223 527993511807063478
270917341569423997 978283221157352772 270007235208913746
860928685346692886 618809405240781557 176403456912200658
312406404321141817 406887154061251838 76446611545017390
752634779450296773 885092166493670080 603783238094954186
16755069842154889 538004111793137411 1851540154881059
316478371375080563 911217466318234188 64488408012006533
568823864195680533 352307465267191727 176665198746399425
976535040380360740 721178070449972339 430666041352631157
785711513049671991 955797027214266370 286478542182690503
416354808498293049 395098121243470974 115848423200616743
323056209573405903 699422563149953464 224516911324029970
412033680875407631 696146992943532801 55358993379468673
151252484888135595 230920073934689822 140350391677463619
880778140407214524 889688292018957722 5325818589706765
275923057414156997 797578979147927146 49056690941875576
147122061395650938 784301850543487434 20943106980448725
292119918147026989 330980310196233024 6545876500346558
7351766414563844 155321998598101346 4708273703060505
266982819322765506 789442591521978689 87039925902072375
304711547377249683 578349053643199120 164060634893978560
486115057700413178 458640855677210642 399349520344562836
486280247749754549 268496057107508835 265443635936964980
768432285724508128 4762792829913323 71961010287744626
571787946700207095 657427307143345819 127778948573668949
155856986948723660 292552070470828315 149266538774468991
575252564972653714 657326319248695775 307200512860942571
269454364406333231 479237656204531745 31005859008309496
457759213618016075 798826577231280231 43231855051368454
739994486172936417 725331043288412168 233341859830663798
393026006959854843 900065363016970743 36207057547171117
933617596179036408 831094876627860397 45143108363766196
943441789638359584 7793556214360963 599429087648992402
787317677575881381 876452210145529742 35464625174245183
649363425366997988 170045194697308644 25290250439650942
949980983889229192 851217491253895121 399561004699977026
443400220716335137 172776374405178893 98282823124984148
836535695732497378 603669340924716297 457739096160755328
834864773477314743 602688555137961108 722585424950912040
525071878382207778 664291644120510439 1024665668223975
480936957111914708 317118977324456030 281282128096144876
760533650594401421 18547733600794910 534512875196523623
947534434628984860 863180483248786569 324972381699006968
944041465575214182 760641557811973990 882960320588798049
361380540089598232 734087542378588113 358687159208328952
522943979326715206 676659931459498552 219628218018469462
200387801864376630 829650179420720375 167123807722501931
709969624401190970 941712383875688808 32490229129121041
582341584365851315 120185715894664691 313914777667797882
17730338062413006 834647937460407521 12901805085684036
310399016828771263 507652620749073860 287051192424082509
720443744776654200 136159975213673477 440056904733184039
247601636375842049 836082905915986112 171288661345274384
437126696146108518 40587405070060560 88030529772126313
888236983339089522 624566576781238176 621344236576247963
435654720271039978 667618446554604975 151358586223959195
195003512049707722 239054736903415953 29406337046004218
639630397318924295 45857214481652072 440094891680448334
713280643800126577 514250767815274152 222337910165666541
574779243439360471 691719465268098307 242959330686651372
755766297201604878 985871826347401057 266419495113492540
913850656088124493 933011688725339129 240394195900065900
535890551806725206 663989775055852900 359612772614259500
462712238324507204 55996401847105441 410827642864301791
276017449362205083 337929326240577679 101101232416956808
156327718807721422 525570111639682401 50292903790102197
848447837932993464 184090248624777282 57361230376998304
692610039471292022 676968920227793749 374457141898554028
560281703340355422 91794343162094284 25172856067071496
592335040860388655 182882373313497612 305936914569047268
828662652379118980 249687607228500006 240681635990093656
348929525195638721 736784187368280579 5345120254801626
349935987899270511 154766507192887104 134157000858994340
835763804591610947 578300271296106661 164171603407806276
836142160147802206 100279912514224247 214962037990747342
58745582457108039 740089966404214094 4062215412783875
524038999473005874 779166972095295243 38751787806279426
723271578033294421 483980636986660290 235622540812651167
946434179700956679 367750467357914689 230935239577886237
864776771360161539 219852328052057892 211793341620207586
507422371784040039 372775763832228542 316927588315638697
935322436060250331 944668595026210109 480836701630118227
611311826065591217 488014080802691818 366000518672654001
695478225927953434 737402447458785864 264963215173276806
637076630687854963 756264724006303323 467016378430277267
570986803718665083 409014423316390862 320387155541371464
499129889413076604 613770942823792913 463602755610561348
625869540527912667 241019578320873545 463080825357165218
247333692268661394 740933554297002087 144402106760358196
861581994840488450 129555025336019396 127770737046159653
881823630610158543 277074914503679883 687251234347216770
781523718083507627 668901342123255172 238658737909599514
622923123357234792 363892010756437631 342635768134234570
113960781160653778 842531558488166588 27494600759573288
246891733347389941 485294808011313390 11012503880166463
964241744033838786 837248142318829246 197880520744102138
954341905458112715 412550626305692581 26819246061986928
793337312117418429 894598698709198082 785193404597044167
467133240345117859 861055016618937257 411043095762899482
950246243801842720 484808865074959018 214835410792515306
49309692871227725 776965140868632543 48829992183937001
344214299882333997 954631939450763970 212603652856273990
261014622412900713 855300911611863739 53695128181434020
668515197581944127 654435107201617762 251817845942435331
19438227447372951 770861002616045326 16385731227753816
643802172834388531 738017130343402688 231236790007150285
456392228773581220 353348753015966250 385455450288452394
232906199391750974 879242268953774308 3672589154176740
435893235929922087 71896089437337805 33173769803614027
228343967446515598 699245985767793677 11854083926586213
649283345001001164 706264287285182806 247397950242406428
497813988016958625 544721986971807765 79299243238471190
7654516637423757 257618153311129430 2448623915750314
970321834708520283 281312043903620548 276198867726699365
108245765399459085 563194419976525839 52087359702343814
677014092605970814 270196928844894323 316043952798102281
571256504582097824 946133688848298846 546514027587127094
45244912662708144 614839879422663889 5931512956478854
555039714344210366 692445715409458991 211463839181842962
913069540716042171 623210459048839934 84991159887555865
596937498772932098 430780342092272678 310578637420871748
772848339357317332 246300574124785538 548016176732033837
984222828658185112 812504389827989797 279707071127107038
305347660200088241 744063958558687368 271099062069982967
438752856547955197 142123066126431659 246356071916981194
929106899484127617 501212589165453871 259923412144641859
826598764329891738 835321761482086992 18417543335975135
474292112118340557 749767603624408714 437964074067545387
413483634387831623 426554148223327491 50590174316342656
170179125138937788 281065776676398255 12477911277793894
239872639147130583 356721072402291396 81892923077857265
284155271316033052 855320046146428793 40457411402648048
514136230342714973 30487503963371293 300641229182670894
888098593206054295 424616359573320398 123162252905088148
688508027883750822 88115346897367583 110497948016559535
222854011289076178 605275173677373714 146693203032768053
732314499809637844 621881434187581779 606126854235297772
260484249446333508 954521922757931834 214883056460764440
482607560457495262 596612592862781004 341058962680691387
761569807437219442 338827181542094323 16028004381130976
305104607239868415 986393381901695554 192703012091886023
902892560791903829 96742290101998332 4016152848777169
934593610974201793 559418882060031088 840014992286061951
920983944264859967 291254256627165408 839472692394179111
972498865381842902 777749359594113348 526435821724486723
514898431507967310 936359864678919095 227290028899538357
226108359099986772 778815422613673981 3248003684791342
733237694015843123 212217464174356458 131880460540008766
684614203562924275 448065308560965827 18031455877642887
421935305838884689 812973914963201335 396518617673459587
818600130684768285 927798929828007625 131149228014493068
597162480899626306 659771914180330479 335287691355308128
933971520475829371 992349025269417241 478303924362094866
713849140320713198 683449234132409150 460532528242264709
553134939822987323 786244002382841918 436243209795470045
395549882464069271 92548714598310940 68670070570128582
933004295013281642 833042347570325394 495483287961999388
162482564706112411 645857769214466359 21035138325727849
876670365093638742 448927409029792413 15470683659116771
37952336203721205 90051678122235354 18665717564274242
39472736592029024 824433681771918761 15246583157870819
448387906908321074 421414764196117422 327043204458347243
503929993838349779 77861053283047077 449210500213445258
79083682697392350 949285516322628329 27595440219366895
236109912231378357 132188360983809880 105770010595677855
103025952287402674 514203306807914626 102152526579904029
984261257628010322 729469508333750235 918712771025807594
823213409745612441 576041166270826089 59132536826650178
264950459872454097 828664499072862996 227664165248706114
757924126169932231 793361254053735009 2279535651551301
661262051994193807 690190260394206600 31279820543889018
547924480750892215 567359404564125008 241384347857380068
314934189585626088 432517560992284728 2931631622982444
107103861440949056 420878085288180428 69285288003096052
352169349032239702 8822527566552678 94321667062719530
265882353086078414 85309482893622913 156199722850940807
540931531038672180 807904134328878364 81715453785833878
91254800076893973 787433765744508373 2945779286448664
366482573064045376 445041519632975987 121527419723793044
386997461398881465 76950837690288766 369251197976007493
405633547817271245 904921918424996524 157123989988616752
28946004001083093 392084722912654209 9248266857134764
403364324288410776 945325914410943289 137294794799531908
926957327811453097 470462793073850926 448411184422644016
279829348623060989 508888597897230565 239570640216577331
437510515369667860 726429610693638831 44795648260826251
824748495601999093 275603029937631742 112903247238258683
251407996850620869 399254075141954526 197992481512824664
935049222642199994 910893973140119509 814739549014206062
464045611398110890 685194523296730702 353422401462479200
840608187647503737 165901149857901049 375071509310899888
212418961865027991 312019162043943904 2495944456667503
737246053454502846 967389379292840291 42796838933665041
628183900263021893 426202750700967986 178630254708609334
539133333147073559 281374135863974485 440458131895402565
977144116666021907 448113142853382610 703586348150671917
182685509167045761 924913465778904224 150431473178505690
643948983817731450 630981960994481086 34510378840540229
64529492047752346 817697141383811364 17756398977048239
949334423878519547 610347228862752388 503762844394477500
621134948181114481 355674770975977656 280568381039237166
811340942956946433 567380248538235567 235570476971281847
810273383934820179 997572780191971055 424607244178356694
38581154530978253 993202470465253616 28659179833544973
155150484924056479 613319541629429595 19341472621473501
15632209624891738 333844295617167775 12405743079153929
323541118158561241 65938542557772444 92167783273513849
214263949719233004 270427080983365922 135048680545071913
513138788092928971 905204336641225901 246688745235952297
348826910460166108 240311455739509304 298703867885563285
716448333019289911 17276911326314823 270574036624309822
254830642387539981 172211342676654703 84008849592608325
88595429660136338 477233336200021834 40237110880751982
526945701854583501 329627680917934047 30566050788607783
375676650361250175 541062519365368121 275548059986934699
574828772917648176 532142207459361561 299709700874405886
726283318498782853 701131718818964412 451829210178609609
506424079383167706 147933239239272507 306664076158581673
762119760390030895 216761268821513404 97751248971530078
132532149815284597 919816470282216232 99152717581627917
228767327563363136 330583701370905259 123209812219868477
671105099557213821 674391521128872833 123207364172080898
105054467361027685 229078058065550649 87022389173170803
527780050329489859 344547886188078492 521132285823028293
258442792422622965 450608856136734509 188369916114310058
187345335111466188 343026273755804377 133803184717455995
779412937046015502 372093651763771136 111498003185978266
672367528287574001 95557178398914244 308211129814749800
4024312549819382 787653012910453851 682594252389198
380074407750202343 496358590670809465 48753536014890563
49073218797393412 507559199678308656 18386639939258070
356334601864420944 385040067788269893 109159639651622419
947473998534626063 22166332779285278 131611681512582895
563673150797633868 506047240041466401 111350994559428215
893073029257113427 959237510585723668 290661924217983428
200960646652540831 757800169930868446 31056377710093838
35377313679794622 330305247236088008 14442576597241888
518582767973677758 771381000165042819 10147072513739670
379945381705502468 666487953416281327 195655119906477700
550009492965952159 614089775764690942 449803365582409045
342947283843563887 339056455355591051 303068229279127243
117133281356315945 865094318909718357 78755420487968137
657260628371153110 429833726038063481 78458750843968022
865560795154072735 217917630783088573 485636837984609342
855684574691927576 883111193882880125 317064093454975562
142134219416411290 752469909270936785 117100857073706814
305565341799289254 529435283642056608 271087568186057214
411519703949157101 894612789629445021 379894130960759179
552613028334628062 992899772788900879 329220547328627040
986243498949610445 146144878789831417 21535739567193607
855908735975885388 525678756186276557 467070904900840440
967335458322847640 852061090238854604 334933779569854257
818705323988202774 510050044817729121 566858718374287173
287910435495014566 241959826336104499 258142621598583687
981239342945461332 58273787401060454 209916741045079949
260880247024017264 723422305196927695 197444083633075573
526518381244956680 28025805274170273 231739974024096457
93786700435856406 462966554198701500 92640480680141786
263716354993603286 82966251021215017 160936790896928948
146896620182471383 611467320323785135 97169725544569790
104781269717770718 154354761265869610 32443768355814612
465546038086651975 531279912950246973 399863811286996966
306199450136886310 673944718371374991 155025445605495810
472519807009122485 241470263629567604 29548276991238466
70903826128670176 401204988295882096 33284074902824395
598825745882036109 915128513247279092 316294091644372292
242750619747793530 883059677698236917 201917505899276203
157020045034833625 819423384208585536 22554549731971767
11449222715329031 176679842725897046 10841976668885921
481328919196252677 306024180125829459 373262005611333265
554309831097267710 508374778099666282 39823337410156374
69553240039894467 204674293652284394 5398130253680063
449176583361164164 393402087890915643 138264767393972279
387101836549019477 733262588556772478 63587334548776636
18371759587185657 905943541556733641 10189535508372353
192727517351038535 545066721863443326 136525506170801974
971394952037505935 617621699735787288 758520740802577346
589365726962528908 219007900427585453 220886241973405524
714158786698437192 190154581172877869 223972602117937556
945123546516137005 201589489339150740 137468363507139998
24152478335845367 845653510060711565 17911912141613446
442682799368340760 720814137792646150 411321178849904238
973308023650632883 81263655456894200 687983175493459042
781559762831997348 140053772642810176 314999565523161832
160391911740858286 441157194707038554 139178795172310293
806717599075663437 591649727412713010 539272905959383861
479918155834011124 10742853376405821 421768649770965831
558953436773266298 706318539123690830 130956219810070437
690471792659480648 231741458086857734 251218509812231502
233434951378207778 268655393094924716 67469493562637085
718972581218676566 945930887164727493 230348365732348228
983421308816358836 864283088427731557 774207384150556402
473180714734687467 192484483507519320 63378201195858397
980164336373777282 204507838539352592 411664060124751136
970539832149856506 199149278864678080 665992464718818946
714170583786782444 485448387228904571 235949333581883720
725008117248637948 981226809006666813 241425711708518186
872899946172712349 873877181863137256 652068944602481399
651116350063107852 752015646631480519 278149440189053974
477562330137257301 699858123681368877 320861620917296598
810903219290020529 338023620634882179 749158144658774938
266825797145889633 864364955202258850 73424952340187916
852619213667420810 117643445848715363 350714681223387333
828942920874804858 997254021774470235 179514428770878096
991330117539979219 356329993699325619 744911080114241434
770030665862300497 87898357241344791 456777563342880749
970526936886488717 557371997734891470 514807197131570112
91876386962447022 724009106722730028 11486123531069663
986703502490277484 927668786932605980 493772691154803036
888857112462469839 282061243095294472 722099358723262929
978438968408499397 870946791467663571 892449687713764372
176381839821797472 989142929452643726 13490998181824422
166516967927152123 478014829111122255 14981813211370686
974718642332451393 989812391470743418 299320557229640893
832152570185072493 857650834804072567 26691406464730985
705263264233015532 445546607340193646 129825636118588070
181758968671500370 891936780103296402 72746931267653913
404714045972589491 891130187830737462 16073923682266129
60993956340468119 248380472285960707 19966299533229510
409326726338439985 777110394279807876 250636383622402201
364938719566918720 359676584823287012 123267628206449569
521538583367854479 361752859166113360 59246080955309546
106740707268233216 359562851360125880 9734721508150923
117897668528109826 774071066218643353 7652145240260927
325872287681363574 925037850463439723 114695277206757495
497703469443975965 453913639965807513 48051010335774930
960723820435562222 734111749194119336 641861221502009739
101016021536570483 856776987078789151 42147075152667370
684292504236915902 755401692010222799 310886644076294024
414095538674299785 912873046301864922 163398730734953898
658200680792146881 870367618830210368 322175194248388028
107036036140601774 199374481957863444 21738804030257534
941878129209147535 813527287469183550 709702025122123924
668773850368409539 874753074428956377 307741613139427957
722181554496050698 447724705391711558 174968710502357413
16780513572340604 310162333011144449 13683522504082456
7010839729553478 54821510664573853 472144899254639
559221370743785028 466092714037698530 424832929872823404
494827746033037648 989413215218544795 254261666312700382
390022804833834055 26340862441548491 179578280814310133
304492492157509337 117594022942030805 296905901934893427
399427414996370570 843582962670982478 301527642396054060
254528814709418942 852978557135734320 86805377551191979
18036020467058161 592532732404664307 12487155268643389
713084411787327238 820624848302961913 212055316101620101
256355763929892146 958139630826541412 180893983034481804
722402238948602564 470306239480188057 44853578417244486
444637418191971416 953506393394170577 261899523447157913
107480406460842675 949034818693315219 28426925127617374
455663544178054780 711971791298585319 43455613065572866
823386146873409878 16591108763752398 206680269792491224
646724893909180758 434661663569016381 95709553862486392
752211595920664003 163000209464636248 372557602281311593
120530337623478831 973136260030191700 19094359335513155
864074110993443904 402763168365973476 440741308351644671
340875614940814492 432079908505876539 142667566462410231
203223217353121139 4338669176708344 202024482012989574
79618743163862388 124608651424140915 42307434767617034
512692452107025765 141866535494083287 306796690879451143
335215452604705484 901347392667306129 122131931228929037
75210518726554649 503859658616989037 55335531706863546
20233325023401644 933739332603960962 9149019011774269
36917231249761583 813978614879861055 32918242680629044
27292336344920268 897780113532812150 16535299526834987
549079344813832375 66876584608489921 27405818714398940
507935957134725567 165982058226401170 41173148337502480
271279500125302177 691886493805845017 59664171185799199
796544854304320142 535351004199860697 16385239217529236
406281619375652486 176481315686880820 310806532726400679
642770217504851080 808486420263618705 419304503071798190
24244582291443146 965779738415819922 19397606787810605
696717238046956326 979057036527150883 31114804878616500
693190433231717331 448964892461056666 657863705574625631
174853375873110181 618452867398585425 87658322326044822
433328119235360883 437938113232267469 77579397876181178
157356632581887494 961371703904879372 35802565494442612
589388453077773327 382990151815913336 158287415950619688
589266448515934185 656952054764400589 361010099904597783
560629288436691061 409521286175851715 19843841446506088
213474250631650911 196693509259975567 173188867462788378
628730959116227794 67660633885542040 245991404512697900
10599159841043245 270850806015433028 48636827580112
793044895991356829 35171853234870882 299862743091948934
195087425761891394 416176107175593586 48614379822348482
721961070285508794 243589124537765314 175555362240884543
104861553628455380 144616649762829816 3325009721962849
224761323284740384 617949315309552419 123141659679891989
393648753591675609 911067013459062955 94429486945835872
952364366738864947 946580535772340005 891556818274237728
238971887876652431 237610022781170393 182712685363703481
107572874087048619 257596229322119057 89003148970621098
261312349913136767 615532710711269295 84660567188684770
40262084418166326 677943034627087454 39093579060283205
780050712891594450 944925582086186277 747541726622243212
843036292995557023 699226182032736058 260039935312078793
438316888395879901 818725990323587782 103619097100568241
683236422638120132 428659383272649130 229136993785834923
339240257685045332 485303536119344060 85658287153614529
359902295181435342 657930945931789972 172526151688961406
351965696188401561 140588849927780993 34435017085805693
824883691630157659 445871673583401322 697519185532075456
344028716927774177 822684430158217707 173850929108064332
987218602169635373 986790900159998106 492640084428650
174130673217006053 298632155048742931 35974986175208866
44688385027292259 923797986763000005 10821788111369898
211979718185549856 386416572637506325 159336024227807901
313649739223144865 849842249359305147 82736043606062127
71292093747156138 640250802672217556 68011702927237232
43940210822113512 669485216628520626 29288593269391948
820539651097697541 986120969869401127 122273681311403652
909662187412570592 899661829110591811 748069159374430400
604365576673653920 625592087714518431 50558281550925538
417033756582906231 149940119721776415 27596061938753770
313994919734640750 315590201681660498 47158676256337554
968695449921902302 121264913447387062 396028131081160125
754649623413973497 378233753190331848 323865709751901508
541018446235460097 523337890173090139 191589930707985789
97075934564694487 524063934086051280 87187166125703320
99382281513114226 729359537787878106 25154475444353606
464719263743778151 513292525343816267 358284518764948571
505483417605674003 55110633845191711 2217271289079050
258869643795020548 84534531632038403 22836628420735339
226866407715493458 307984334296869852 174083803675844253
24876502255667220 71575981768612850 5400808980084114
800315900647177613 724739212663160251 632460537006196285
646275527423968688 177294111235822052 76224777976803101
529798486325226465 342433137661957271 257948355715739792
191635480162736242 491731791155685477 141927350574510505
956576969992993037 866106553260937590 512770210660806104
634120483432344134 256382247496632655 59539892035269463
