50
55 2 3 8
2 1 2 1 2 2 2 1 1 1 2 2 1 1 2 1 1 2 2 1 1 1 1 1 2 2 1 1 2 2 2 1 1 2 1 2 2 2 1 1 2 2 1 1 1 1 2 2 1 2 2 2 1 1 1 
42126 55001 
55 3 1 8
2 3 1 1 3 3 3 2 1 2 1 2 1 2 1 3 1 3 3 2 3 2 2 3 1 1 2 2 2 2 2 3 3 2 2 2 3 1 3 2 1 2 2 1 1 2 2 3 3 3 1 1 3 3 2 
39105 57552 26545 
55 2 3 9
2 1 2 2 2 2 2 2 2 2 1 2 1 2 2 1 2 2 2 2 1 1 1 2 2 2 1 1 1 2 2 1 1 2 2 1 2 2 1 2 1 1 2 2 2 2 1 2 2 2 1 2 2 2 1 
7331 92237 
55 3 2 1
1 2 1 2 1 3 2 1 2 1 2 2 3 1 1 3 1 2 2 2 3 2 2 3 3 3 3 1 3 2 3 3 2 1 2 3 1 1 2 3 3 3 2 3 1 1 2 3 2 3 1 1 2 1 1 
58797 90171 49460 
55 3 2 7
2 1 1 2 3 1 2 2 3 1 1 2 1 2 3 3 2 3 2 2 1 2 2 2 1 3 2 3 3 2 2 2 1 3 1 1 2 2 1 3 3 2 1 1 3 1 1 1 3 1 3 1 2 2 2 
56214 17587 47089 
23 16 1 5
7 7 9 15 11 13 9 14 5 16 14 7 4 4 10 1 5 4 3 1 7 2 14 
89871 49501 96334 27385 95301 99753 23025 91551 92421 21277 52931 62395 9361 18497 3226 3585 
8 1 2 2
1 1 1 1 1 1 1 1 
41849 
16 9 3 2
4 1 5 6 1 4 7 1 6 5 9 4 2 7 7 8 
86843 73465 20647 16476 84313 50385 43312 48575 27915 
19 12 2 1
7 4 4 4 3 7 12 2 11 2 10 8 7 10 10 9 3 2 8 
16673 25526 96147 74151 29824 32561 36631 71902 14784 53281 74855 63317 
8 3 2 1
2 3 3 2 3 2 3 2 
1711 67987 1059 
22 4 1 3
2 3 1 2 3 4 4 3 3 1 3 1 3 4 2 3 2 4 3 1 1 4 
8411 55197 54159 97271 
18 7 1 5
6 6 1 2 6 2 2 2 7 7 6 2 5 1 2 7 2 3 
11171 87410 69961 69530 49148 83892 37313 
25 11 1 1
10 10 3 11 4 6 6 6 1 2 10 5 6 10 9 11 11 3 7 2 7 3 6 9 3 
39506 70001 27017 42773 78367 54189 72921 85819 74211 71661 71553 
13 1 2 5
1 1 1 1 1 1 1 1 1 1 1 1 1 
97681 
16 2 1 5
2 1 2 1 1 1 1 2 1 2 2 1 2 2 2 1 
71957 27572 
6 1 1 2
1 1 1 1 1 1 
55297 
9 1 2 3
1 1 1 1 1 1 1 1 1 
33865 
21 3 2 2
3 2 2 3 1 1 3 2 2 2 2 3 3 1 2 3 3 1 1 1 1 
76481 19195 40389 
16 9 3 3
8 6 7 7 4 8 9 2 2 4 2 5 8 7 5 2 
44167 34373 58201 88495 20481 90911 13953 68965 7582 
22 7 2 1
7 4 1 6 7 4 3 4 7 1 1 6 6 6 7 3 6 4 7 4 7 6 
70716 37801 88618 43819 69601 89426 10850 
6 1 1 3
1 1 1 1 1 1 
8665 
17 3 2 3
3 2 3 3 1 1 2 3 2 2 1 2 2 3 2 2 1 
84059 33537 37919 
10 3 2 1
3 2 2 2 1 1 2 1 1 2 
14997 30533 98629 
6 1 2 4
1 1 1 1 1 1 
87037 
17 10 3 4
3 10 2 10 7 4 4 4 2 3 3 1 4 8 5 1 6 
6361 75327 44194 3369 39297 31225 6624 43837 14097 42079 
15 5 3 3
5 5 5 2 4 5 2 4 3 1 3 3 3 1 3 
15651 63263 61700 16152 68808 
19 2 3 5
2 1 1 1 2 1 1 2 2 2 2 2 1 1 2 1 1 1 2 
85466 3204 
23 10 3 1
4 5 7 8 5 4 2 4 2 8 3 9 2 7 5 1 5 8 10 10 2 5 5 
42931 38653 51251 77882 45801 78753 77681 59761 57502 45281 
19 1 1 5
1 1 1 1 1 1 1 1 1 1 1 1 1 1 1 1 1 1 1 
60237 
7 2 3 3
1 1 2 1 1 2 1 
10955 5409 
6 1 1 3
1 1 1 1 1 1 
14022 
11 1 2 5
1 1 1 1 1 1 1 1 1 1 1 
85805 
23 15 1 1
6 12 8 5 9 13 4 1 4 11 7 12 1 5 12 10 8 6 14 14 2 9 7 
95565 39961 23977 91909 88025 49129 20575 41032 72251 93441 67479 7365 58730 30635 48012 
15 2 2 2
2 2 1 1 1 2 2 1 1 1 2 1 1 1 1 
22353 91389 
8 3 1 1
2 1 2 1 3 3 1 2 
21743 89761 96841 
11 6 1 4
1 4 3 2 5 4 3 5 4 1 2 
45374 39879 16946 99350 48701 42057 
13 7 1 5
2 7 1 1 4 7 5 7 3 7 5 5 7 
90281 71145 14801 24001 82003 86931 64951 
8 2 3 4
2 1 2 1 2 2 2 2 
67041 80293 
16 10 3 5
8 6 10 9 3 5 8 2 1 8 5 2 4 6 7 2 
23677 81526 84967 38085 18195 21152 14476 82956 25361 12983 
17 8 1 1
3 2 6 6 4 5 8 3 2 1 3 8 7 1 6 2 7 
58762 85501 73569 47513 65161 69960 45695 82152 
16 9 1 1
9 1 8 6 5 7 4 2 3 1 8 5 4 6 9 9 
81047 96289 11274 94683 9893 86253 5143 26625 71116 
23 2 2 5
1 1 1 2 2 1 2 1 2 1 1 1 2 2 2 1 2 1 2 1 2 1 1 
52182 7926 
12 6 1 2
3 6 4 6 6 4 4 2 3 1 5 5 
53399 57139 73655 8579 48267 48765 
6 1 2 2
1 1 1 1 1 1 
10455 
16 6 3 1
1 2 6 2 6 2 2 4 2 5 6 5 2 6 6 5 
60310 51373 95701 75975 68641 3291 
97 17 6 1
9 8 2 7 8 7 10 2 4 15 12 9 16 8 12 1 7 2 7 9 16 7 17 15 13 2 14 2 4 4 2 3 5 7 7 9 9 10 4 8 7 11 16 9 6 13 12 3 7 12 13 5 5 9 3 13 2 11 7 12 15 5 1 9 16 1 5 1 12 5 7 5 2 11 2 8 9 4 2 11 14 3 1 10 7 4 5 13 12 10 17 4 15 8 3 4 2 
12351 63596 77092 37959 44013 35107 24110 5857 9169 96744 65828 86501 99404 73241 83761 63077 85709 
95 16 14 4
8 12 2 12 10 16 12 13 15 6 11 16 15 9 10 13 5 8 14 11 5 4 4 11 1 8 13 7 14 9 6 4 3 13 13 15 2 1 2 8 10 5 10 8 12 11 10 8 12 1 2 5 11 11 7 15 3 4 5 1 2 6 5 6 10 8 12 9 8 7 4 13 4 9 15 15 8 14 8 9 5 7 13 8 3 12 10 1 7 8 7 15 9 8 6 
16828 32237 32609 66169 96464 90993 77469 98817 44197 5923 88776 86679 58702 62751 14861 65345 
96 3 10 5
3 1 3 2 3 2 2 2 2 2 3 1 1 3 1 2 3 1 1 2 3 1 2 3 3 2 3 2 3 2 2 1 3 2 2 1 3 2 2 3 3 1 1 2 1 1 2 1 2 2 3 1 2 1 2 1 1 3 1 2 1 2 3 3 1 2 3 1 2 1 2 2 2 1 2 3 1 2 2 2 1 2 1 2 3 2 3 1 2 1 1 2 2 1 1 1 
8997 83503 75901 
92 8 16 1
3 8 8 5 3 1 1 5 7 8 5 6 7 5 4 8 6 4 2 3 1 7 1 6 2 4 7 5 8 1 4 8 1 5 7 2 3 8 1 8 8 6 2 3 8 7 2 6 3 3 3 4 7 5 5 4 6 5 2 7 4 2 4 4 8 8 3 1 1 6 3 4 3 3 5 2 1 3 5 1 5 4 4 1 6 6 7 1 1 2 8 7 
43361 61315 37217 43238 76114 14303 9089 81365 
99 7 20 4
3 6 5 6 5 6 2 3 2 6 1 2 1 3 5 7 5 5 4 1 4 2 5 7 4 4 5 6 2 2 1 1 1 1 7 2 3 3 4 2 7 2 4 4 5 4 4 3 4 1 5 3 3 6 7 1 4 7 1 6 7 6 5 5 1 2 7 1 3 2 6 4 5 3 3 4 4 7 3 4 2 7 5 4 4 2 7 4 7 3 4 5 4 5 7 6 6 5 6 
68561 7756 45158 30131 1587 25611 8001 
