10
60
71 2297404 97 2696588
126 3224706 127 5681736
1 2255777 12 1878693
42 395550 31 6826160
127 1937812 78 1840900
111 2960308 15 4556005
77 8969724 81 576926
13 7721147 90 7243548
60 9114180 99 2131530
69 1309553 113 5596845
98 3009114 117 4505411
95 9424342 39 5049369
22 519731 31 2263595
38 2260785 52 1595008
118 1019203 25 5629700
105 2356104 53 6101032
98 5889415 66 9054391
122 3167274 40 7426811
100 122237 33 5418268
50 9002162 2 1392499
75 1652921 96 2268875
29 5553001 32 2603356
14 4730041 22 8164250
119 5589248 35 4225423
99 9658737 9 8480247
8 7459928 17 3168925
5 5018518 95 185844
94 1144281 20 5948281
52 9983392 37 1018567
72 8799599 122 9301627
50 1667790 74 224329
93 5569542 54 4353887
69 426143 35 979961
116 4964884 91 9356229
58 4187608 103 35448
43 6693518 38 3551025
94 2232195 49 670477
99 4324847 115 9711370
5 4227180 3 8427808
65 272566 68 1384221
5 7446948 63 3837121
44 742759 64 8906265
58 7994881 46 8846368
83 9029255 47 8701459
1 4048666 124 3284116
39 2647202 1 9031554
63 1653069 56 9537943
91 1494087 70 1675586
90 1408826 86 4911302
105 3197577 53 8312851
60 8934471 47 6167523
13 2269309 40 3359000
85 97181 125 8973909
74 5252929 28 7567195
24 7336360 98 3340197
99 9514097 52 7689285
123 3436440 96 4055425
97 2992177 53 2786601
122 7355620 96 4602810
18 8982953 8 716216
37 56
59 2
10 28
27 16
4 50
5 7
28 36
46 59
36 49
42 4
22 52
22 55
50 57
47 33
57 11
22 5
17 35
6 19
35 44
59 42
48 55
30 58
28 19
9 5
58 31
20 25
29 3
36 22
33 25
21 50
35 48
13 55
33 4
41 46
59 48
51 8
60 33
15 34
32 29
45 15
47 51
24 26
49 23
3 49
23 24
37 17
15 14
2 18
31 21
34 33
59 38
41 39
56 40
11 43
12 37
11 53
27 49
54 53
1 6
60
393 6344770 303 6947308
649 2916618 896 7514224
830 2660306 450 6465752
543 1446978 865 5410090
338 8901391 395 9932838
668 1108263 566 2857491
140 7564447 625 2740685
226 1207388 1007 8323215
69 9164800 464 582396
805 5834391 178 4332020
1005 7065602 503 8531861
621 663074 600 5667470
133 6315464 938 4853163
22 2895196 495 2204189
549 4699469 927 6302474
848 9152184 311 3199700
374 3631323 3 7995821
673 3502651 39 5791835
311 1291411 500 1761479
353 7899904 616 7996364
954 5737194 773 2098749
315 4878517 215 8066103
102 423336 704 4363304
945 2333341 774 7026591
308 5526378 30 8973014
918 5020046 185 1544316
52 8199455 783 3200711
659 5097587 874 2553530
264 8697100 502 2368946
677 879817 967 146103
614 2618826 811 9024768
924 9432227 818 5641927
920 8288837 634 8770766
155 4029353 318 20785
509 2017341 673 7654125
412 6224019 310 1854385
648 7927751 723 4285411
235 2941104 920 374645
829 8116555 58 4249194
169 2252387 915 3271331
185 7850629 878 8084590
73 3619234 143 6781904
937 8305798 513 6786961
531 951160 932 3158408
592 8982450 1014 5551912
166 4004995 288 4331851
516 8723777 323 9240894
112 4592372 515 8982668
175 1673409 852 2983054
310 8873364 388 8521650
593 2766096 649 2506507
913 6011451 652 9792793
634 8649317 949 4441945
621 136280 311 2276368
466 2777542 415 7515731
138 4762095 89 6686170
915 6002833 642 137222
508 9386772 757 7936175
779 1207157 399 2322482
429 1325043 453 2476218
22 49
60 49
29 42
54 31
8 29
40 4
3 48
2 32
60 3
50 24
18 43
11 55
50 14
6 41
32 43
38 29
47 21
10 13
54 32
28 29
15 57
5 25
4 38
53 24
44 56
3 51
31 29
50 54
36 58
18 33
38 37
21 32
55 18
9 35
58 21
41 50
20 27
51 10
30 57
7 42
15 35
29 3
46 21
16 11
27 40
4 35
56 27
52 38
18 19
39 50
34 57
19 17
5 22
52 12
26 39
1 32
57 23
46 59
51 45
60
12 424903 28 7423435
19 2608531 1 3023000
27 3032067 24 1052811
19 6240230 4 7735843
5 5864969 8 1701063
10 2998043 29 4900801
10 2417346 18 1195389
24 951805 4 9468417
14 9248188 30 9033263
5 4101053 18 9358138
24 1089321 25 2558310
26 1934574 9 2576516
21 8369374 21 1119020
5 3562376 9 9104315
20 2154326 5 7008015
24 9657319 26 3974657
10 1373231 3 679075
8 7547084 7 4156858
14 6169641 13 4966270
16 5242969 30 9554064
28 5989164 1 199356
14 8684566 19 2367343
20 8890818 7 1637242
3 8052208 29 6569736
25 1885591 5 8289117
21 3488183 22 6808401
20 2466046 10 2369547
14 8463518 29 1486081
17 6031980 6 3948590
29 6393661 21 7328405
31 9572733 14 1465207
18 260240 5 5044048
19 2733165 27 1210263
3 8666359 24 6942389
3 7226526 10 2345157
12 9963702 29 6266765
13 6344086 27 3472061
9 2177396 6 4415590
16 4299263 20 6423740
28 5347390 11 3752080
15 3951528 29 3433479
11 2282243 6 9527199
19 9495809 3 8306916
1 3249816 22 5936366
7 375841 24 8261022
10 207540 30 5555608
28 2449986 16 2183171
26 6030963 5 8612479
6 2373057 3 3561063
5 3478740 22 5931464
27 8988320 15 7021728
6 2897597 7 291931
19 5802073 4 9783755
27 3939517 2 2085721
5 2933807 22 2866155
14 3437636 12 903999
1 4691528 5 413201
18 2555832 16 6022811
27 9919977 10 1493583
27 895833 24 2035283
48 14
15 54
54 13
26 47
44 14
43 37
19 35
24 21
57 10
30 54
7 55
16 19
4 40
39 37
14 3
49 56
50 33
44 55
19 18
53 37
56 26
12 38
32 3
16 50
34 26
51 43
22 46
40 10
12 27
25 31
20 57
50 11
50 28
20 42
36 33
1 7
43 16
53 20
26 42
24 14
33 54
47 46
5 49
56 17
57 41
37 27
37 31
39 32
13 58
20 60
8 39
6 32
45 28
32 23
15 59
29 13
2 46
5 9
31 52
60
818306248411116463 4757081 65148343922746681 2566576
488787158521106916 1275459 651184646802675300 6452719
70789578321499110 390155 413620544964977593 4082506
861390234472724166 9177260 1090162532927288116 3315776
192654759372065993 3322588 155501863385769192 8773016
102256651262182720 1409838 6668942802883710 3876629
775723900793570985 6855016 604662489251631855 7373434
1061293144504055559 3527846 467908086651786365 7892544
113093708981358206 9600303 361120600635887351 7870613
558695747119697969 9601303 1140682959474983981 7980313
328969524875806047 8024853 476585230772286640 471764
63203180179314364 4012325 664306884421744334 3342329
546450563185729549 1340641 1117559298351754700 5448289
949607288700180999 8381084 438357921978883429 3556546
1152857537387918952 7817792 101275956977882499 1613614
477125299034327637 351337 60633478375387708 9717460
714345659129176822 6600002 223510245192920079 1254385
17461912600698959 6673054 402932778904646751 1571351
529154784980071009 8718937 12233733224176176 4600993
168393672694224001 5529841 490312889863779104 9682806
678138211626164983 8775263 190673456065938599 554877
46803740550227674 188475 864899258156706194 5817055
254214132986901546 5392783 484024362005884861 7381379
760744868198135342 5064826 753451272343022095 6132038
618697823154144783 2994569 605717685941875387 6684027
379097694134626229 6427729 566842320310770100 9008290
154314367803705569 7659985 811594477858306929 7442667
1150778138925801100 5715974 508223069976116194 5033325
115613036376718462 1446734 868288674129256881 6275490
150843302923502385 1136641 1055143984080997821 8340646
823351788253626343 4142413 895674966773910227 6978480
246632178383248137 1942097 703001077984620975 1590864
885410693239288002 9608189 623596611126500658 9460458
1031934802128187356 5955624 194267683574999779 4135794
596874259482876634 3785202 522270989407044523 9082601
858527858169513813 8550236 550038639937693900 3090583
296403261505288091 7797797 194581375828623651 1225866
740226980939541125 1068774 669937009177322142 3748814
595791732180483480 3538544 947643178361656319 594541
908194744879316319 2086501 263653835361010386 6418089
1024402033899307015 2436629 1014394437452147115 9030648
391616482985436731 9143834 44901850178527908 1799104
547172133591703106 8424886 719209074804580886 3392211
778530194537497942 4776172 339613945530176918 2162605
1108764756450820934 8795356 293921402515415859 5553131
320591402444553294 2915811 414933071042839789 1561359
369504037635061045 3028083 719535136620805240 6044914
287316740703389096 5881775 834625492781701937 3196553
149344313816773845 3577802 677741498144414304 2598364
512572443113757771 4225312 770431675062304687 163778
604967456299035921 1593365 1139807827323046378 2294625
272273656207373060 4450477 645648342931300857 7685093
891716217174012534 1377388 300104829524544538 1066879
1036394831070329859 2696432 887710405547709794 3589665
546107925315359413 741964 759358838661003638 5323767
717766219974656091 9348518 248255806152801412 214824
436253290285741093 8748179 134697028525176200 8833229
170700914630412164 3713458 608448588956206269 9555890
973809572649911616 7087366 836841132253524576 1498571
34119821591023322 7041304 975843189501276587 3479673
26 55
5 47
54 9
34 2
26 46
49 59
35 21
44 2
34 25
19 54
56 28
12 60
55 57
27 26
44 3
23 6
45 8
23 37
2 41
38 47
27 42
34 57
15 20
48 44
38 57
54 58
9 28
7 38
36 38
18 5
9 27
55 10
34 15
27 45
50 37
33 12
31 46
45 23
17 9
14 23
24 36
36 32
39 31
32 1
16 45
54 59
60 45
52 12
51 12
38 35
11 1
56 40
53 1
30 23
50 22
36 4
39 29
37 13
15 43
60
886776545 2916799 1947800404 379592
361627624 6604502 2332489360 1524152
1871433966 2709097 2917663400 8708146
3750640010 31108 3873545532 6600798
303873916 2721816 2836320019 7161578
4029394687 4661258 4000481418 979253
2849557069 8995967 2667970368 9433403
2102005874 641509 4007868671 7000771
3081512788 1049156 3247953900 5190983
2387555586 6947270 1083124722 5291043
2380641341 9873285 849481067 8546178
3185709124 6948500 2193958160 7784452
905286627 6068175 64242978 666035
61667261 5631590 3749986265 6179240
3727563737 7377319 4268648204 1588856
2249799787 5994123 1463722274 2081764
1334022628 6621572 4077076280 6180161
1947663419 2423301 3566764178 8970788
1800223101 7678545 1362652999 6941522
3872620434 1694215 2284290600 7010790
1896001873 3085421 3347329008 1090499
2340460231 7144572 2352242610 2070716
3422429379 7039917 2867913342 292738
2501051301 1923842 1350001237 9275725
2839360871 9225302 3872879182 3832909
4127136491 550121 1306405897 2756690
354250887 9898534 883295828 4241466
2717694414 9180854 38129948 63643
555697311 8253130 3684401814 5134514
398756723 8031396 1950237101 2973578
3517285091 3565799 4169718189 4026095
852696696 5286048 4274586416 1638549
1404344502 8261140 1301294665 4968196
2233813610 6538186 3843799534 8837062
4206009650 2567259 2582103211 4642771
955934030 854009 3998909060 3529148
103296677 2085950 966083626 8478230
3130280218 8885686 157162338 2653609
2944376848 4666414 221399217 7734233
703965499 2280382 4168146508 512084
1069971113 5357460 3920217150 4029052
2493822991 8684034 1158515162 8813335
761837400 6528330 3489181795 8740916
2003344491 8729000 2074303225 9795808
1106838587 9940768 1827508166 8102153
1208694548 3190537 4015093354 9486258
132712996 6833882 3773448099 113623
2266445895 6864947 94970432 9233186
1078836760 792367 2409634119 4373583
1503266100 1915495 3396357988 1511261
1620863695 4918473 4157989780 2140790
3940806012 1419675 190509842 3214367
3631091257 8209482 3542160514 9869090
3594891449 7285751 2077372508 7485499
2671609589 7431491 3182158490 6324994
3637695477 2309337 3769586084 5715608
3391558106 813372 1710204539 4402069
1260439343 5373651 67015204 8780464
1772656497 5684017 2222623831 8267951
587684571 494889 1891481448 2614161
57 27
57 43
57 2
57 58
57 38
57 45
57 56
57 40
57 41
57 31
57 1
57 8
57 33
57 51
57 13
57 29
57 42
57 12
57 54
57 47
57 5
57 9
57 23
57 14
57 6
57 49
57 4
57 55
57 3
27 59
27 21
27 7
27 16
27 46
27 28
27 24
27 17
27 10
27 44
27 25
27 37
27 22
27 48
27 52
27 50
27 35
27 36
27 34
27 32
27 26
27 15
27 18
27 53
27 11
27 20
27 30
27 19
27 39
27 60
60
926718459413225 4011568 2075768302186580 1645642
3217877398331098 4581383 2854410953945328 5822624
2720137856415628 5709428 1308894328883164 8143003
2618066401021015 8405055 3366948979456421 5498046
3429747026371858 9013705 4001773618937222 9875571
574876966201661 7493367 4108684322576816 9904535
2280328214418541 7021025 2348439974791893 7297349
184513887007735 503099 3082258552783610 2482278
800606721808863 7505666 3537399039069053 3889272
378908037738754 3436906 1891305717995108 2239390
3024877940088450 6312584 2396195032926952 6116200
43800672083058 368315 1037151799384385 6899428
1713237144615362 8094559 4054953082790323 9634020
2862495866202988 9630260 128135475083992 25105
1185550922029791 4538124 1455185668268847 7591984
3569091968425387 4897331 2262671935580645 8867634
3585669844779629 3675427 2209072662928098 8894210
1526748239273725 3035496 525464893979159 9999626
4385940220677078 6324432 1719011189955078 7658630
817171967506629 7599063 534503834507665 6702477
1565239358883541 7520721 1214422146454791 6016476
1098580323259258 1447896 2442470609393259 4399333
4457153186308347 6761720 3151800731390215 9695127
2242759245039652 4454680 904168315483185 7678830
2158128140197676 2521771 2238721567023451 5224510
4138661828903396 253848 3080332604068192 2880700
4367038301169441 2361958 3431048174679309 1611085
2401427697086314 9450155 1627448895806702 8694290
548641640224997 2114358 4064092613981275 9860659
1765942154003583 4745722 1787920534903745 5831274
535651835115610 8078909 2605133608201780 1706835
2691904914312059 2952706 3219965128048181 969458
3130400450979507 8556979 3346545390163392 1089925
1114647101834958 7010834 180537633555865 5098635
440626084457466 9295329 2860232095961047 6689428
2221330518352505 185552 4001961013410224 7002315
568305290301577 7401638 3425266512973958 3137600
2372085428532627 5434931 2293860789956146 2465274
429037473941139 7584756 4135463319357584 6602300
2462787282604999 7953032 4439168184375370 1297302
3840528025985947 3288402 825013163926249 4608047
3506541192130259 496879 699300066259992 115409
3533883175315961 3989722 4136080213578298 6451893
2342684119025673 9307996 2863510810032687 8807311
3613754844996186 5805498 3424438796807778 1336924
315658572558799 5595929 3785084292408598 4208107
1613616239117630 9914548 2850265821815281 7199017
3390863039553824 801218 4282392623548105 7916977
1816764169663610 5218336 3377332445669293 8640531
4242926006243083 2846278 4209074381418038 2991588
2140651054498999 1497960 2562326226589711 6618758
148468171188786 3977066 2447854719835330 5306680
2646422482212591 3133065 3901104857499333 3434079
2104765223721034 3773382 1394766804339652 114198
1509613570392564 4313238 3080816393482288 9833076
3050976250349471 5532488 2422968175788552 325149
3538489334451179 2327734 1627443815020261 956811
787875659878543 8981295 1509308592503115 4226333
2677911086117834 2708003 2244301427126574 4109151
2166305152100108 1329039 2475056028963779 4558492
23 25
23 3
23 13
23 2
23 19
23 59
23 50
23 1
23 53
23 48
23 14
23 18
23 8
23 56
23 47
23 41
23 40
23 9
23 30
23 38
23 20
23 27
23 21
23 44
23 35
23 31
23 15
23 5
23 4
23 57
23 26
23 17
23 11
23 16
23 51
23 55
23 42
23 36
23 34
23 39
23 22
23 24
23 60
23 29
23 43
23 10
23 12
23 6
23 45
25 46
25 28
25 37
25 7
25 52
25 33
25 54
25 32
25 49
25 58
60
168006369709064219 830894 16038007675705028 7452555
441089456200471979 6007295 876458424759648245 3148921
141737609104055542 2049061 170242156632071731 1724537
555446228441342103 9744947 420742338713709308 2125647
184753303474208865 6447074 383174728676288092 5948252
861062910390775972 7561236 562970345913944272 2641979
374875673954358688 9505285 134588270119298912 6727583
555645856687175497 4196947 645189356144911863 5762667
357080034371488061 3866800 181649729809765381 9270162
572655865016681218 1028709 303090179805613911 57265
113821303847339139 4054793 194626379915807029 4463338
99886996653032141 3023235 343812383218158012 3390211
302561947390523653 4798781 571811038655712638 5653566
736471405903763885 2243113 886198304015374679 2468090
1008424271243246615 5355513 363376804512522386 1453066
993819135282889257 498970 221416296172312892 3840084
64360819524809298 8762481 527498134014008007 6323246
740967675955315148 138968 158595901349438177 3671284
162179724654414611 5893339 989452872962120854 9144813
605095109055163556 4017583 561933885708060068 4572128
543601161063631866 4380658 727182816049745438 8306417
940677234248513733 2015657 373269596653293123 7196736
940792537610021996 6180342 883347974942469792 5337027
365564670636286406 4485657 507528849952480867 810851
472911683983311124 3548841 527475486017221634 3143382
782564472694496321 9797266 551887639968453644 8432187
722311550451496796 6243921 55971572758854222 8184187
439395162670537045 2517231 796850342221725994 612574
307530988793864438 6240315 701450060619531059 5991404
391393844640340517 2878283 376011149716812556 4022022
553229800790429528 5595700 150638532796695937 6427716
155483048813253464 9922952 738679990380939750 8805520
351805713318985529 5933712 412115072729238703 3011714
1002211765719900313 6834250 619153795717701712 7996030
968647092602999831 9786277 263935374541662294 393740
745321432326588438 3617403 950221627905344198 3347830
38715751010526131 5938383 1103554534017133494 8120744
780685101587582467 6136391 120710299966912297 7033155
119119996247167377 4279659 836685211348270382 4006530
10979987012573207 9526303 330326100775195707 8107858
667917689257507451 9527134 15669701929514437 6569771
1020296147067101452 3157176 829631771484449060 9237684
1120391304125296636 5844238 627805886769270950 622359
827896659265944609 202891 1103975850397578481 2800160
73619188276429799 3843429 993024901482244766 1630748
810005907399190681 7044821 166633007515299346 2050544
956621702168404944 3878100 605063796207276446 4846328
47792681283106107 6317078 30867012021295578 3314849
1127159576931665040 3808715 1081849151921841214 5725001
925394953354523602 3724948 679659400994518017 8312406
135856686964727236 9512900 918826476570067253 2468500
460510253322370220 9206232 367282291032679971 3173971
640452628304524620 7386167 186030851583215332 883649
802240077217776157 4938925 100251225018240832 1756932
816946932373732046 4390053 181552624107250378 6920347
849919437779940348 7364390 768900415532260156 7176694
174304608389591858 1709456 346396698083242255 9843539
121671416230785827 9700246 998869808189188702 4430427
324043768046171173 1986174 511784105786387452 6989308
1037910157681661169 1509400 335175175803930835 3052296
4 22
4 15
4 26
4 45
4 13
4 49
4 19
4 60
4 57
4 10
4 8
4 41
4 46
4 3
4 20
4 48
4 56
4 53
4 37
4 58
4 27
4 7
4 32
4 47
4 40
4 38
4 36
4 5
4 43
4 23
4 12
4 34
4 54
4 59
4 51
4 16
4 14
4 42
4 25
4 39
4 31
4 6
4 24
4 11
4 30
4 18
4 1
4 2
4 17
4 35
4 28
4 44
4 52
4 50
4 9
4 55
4 29
4 21
4 33
60
172715942869241719 8444758 172715942869241685 1685065
172715942869241720 332304 172715942869241780 1063693
172715942869241716 3175030 172715942869241825 302624
172715942869241841 119275 172715942869241725 1959299
172715942869241841 1102018 172715942869241717 2361591
172715942869241854 3944355 172715942869241722 1671740
172715942869241830 4760941 172715942869241721 8655146
172715942869241718 3677028 172715942869241810 4192065
172715942869241718 7611191 172715942869241780 3757890
172715942869241714 8004007 172715942869241774 3320921
172715942869241732 3315924 172715942869241718 598150
172715942869241725 478324 172715942869241629 81951
172715942869241725 4448536 172715942869241769 4535662
172715942869241714 31842 172715942869241720 8101357
172715942869241765 3197301 172715942869241722 5172015
172715942869241673 1680996 172715942869241725 2237262
172715942869241715 264019 172715942869241713 4074220
172715942869241722 6717830 172715942869241780 2161153
172715942869241718 8634536 172715942869241749 3318509
172715942869241659 3818441 172715942869241716 8449065
172715942869241715 3175062 172715942869241795 206352
172715942869241721 4633275 172715942869241717 4764218
172715942869241719 7788634 172715942869241604 1922185
172715942869241622 4856773 172715942869241726 9879893
172715942869241833 3858972 172715942869241714 9336455
172715942869241854 4860651 172715942869241725 2834241
172715942869241712 3602893 172715942869241722 273916
172715942869241724 641554 172715942869241837 2517232
172715942869241713 6895015 172715942869241811 1056909
172715942869241759 1669299 172715942869241725 4887253
172715942869241712 4672815 172715942869241832 1571529
172715942869241719 1761914 172715942869241780 556202
172715942869241780 4216471 172715942869241712 8234702
172715942869241719 4705034 172715942869241852 2683958
172715942869241726 6612428 172715942869241749 4789412
172715942869241726 4201442 172715942869241723 1756290
172715942869241726 4897399 172715942869241628 882322
172715942869241716 5034699 172715942869241769 4261205
172715942869241721 7797691 172715942869241616 3682763
172715942869241714 8852997 172715942869241600 2852727
172715942869241758 4055468 172715942869241719 9972934
172715942869241831 2789189 172715942869241718 3637936
172715942869241655 1926029 172715942869241722 1475968
172715942869241820 4517733 172715942869241715 3791689
172715942869241725 7663037 172715942869241633 4625740
172715942869241718 3261605 172715942869241761 331145
172715942869241633 4959770 172715942869241715 6956901
172715942869241650 4687933 172715942869241718 5050158
172715942869241712 6615329 172715942869241737 2039341
172715942869241722 8874716 172715942869241707 2101599
172715942869241634 834284 172715942869241722 2059282
172715942869241743 2495019 172715942869241719 4090949
172715942869241816 4307043 172715942869241712 172795
172715942869241804 1780918 172715942869241715 8498972
172715942869241850 4976644 172715942869241713 5636201
172715942869241714 7648917 172715942869241735 132656
172715942869241603 1203094 172715942869241718 1224950
172715942869241787 3115163 172715942869241723 7316921
172715942869241726 1027307 172715942869241786 77226
172715942869241609 984419 172715942869241715 225594
27 56
28 33
9 3
13 60
44 11
44 29
3 38
26 30
54 7
1 60
32 13
36 7
35 47
7 11
37 7
21 38
28 54
10 9
27 24
55 56
34 46
23 4
40 32
46 24
55 48
12 7
49 16
3 37
53 27
16 32
5 57
40 10
43 30
59 19
29 34
52 21
2 44
28 35
7 58
17 38
42 29
59 4
25 17
13 50
25 23
21 57
8 10
45 1
41 11
31 51
20 49
37 31
22 3
6 13
50 26
59 14
15 55
10 39
16 18
60
180853703812715737 3708820 180853704073348015 1868684
180853703808563616 262037 180853704067860551 6686878
180853704420535326 3289990 180853704070191640 7143076
180853704775804870 720932 180853704079143925 7179188
180853704199337964 1891243 180853704068550416 7328566
180853704288525473 1816473 180853704074691325 1567654
180853704074362183 8256026 180853703956582190 1358476
180853704605645770 2716507 180853704073240856 2697929
180853704141137634 2483435 180853704072851596 4962682
180853703794981623 774932 180853704064979038 442364
180853704074837765 6628741 180853704691741600 3250028
180853704074311276 7673289 180853704270824199 2597094
180853704066886513 868910 180853704524476676 1867785
180853704680643807 4086088 180853704075248939 8984318
180853704079024901 9051330 180853704331046158 3325627
180853704065245226 6412681 180853704506673794 2317572
180853703940761594 2695779 180853704064830584 6995369
180853704064170048 2479019 180853704242164131 2270663
180853704072338439 6632156 180853704788909272 238587
180853704074164411 6568491 180853704412328296 4056226
180853704066661573 9022110 180853704712080007 2377049
180853704219876140 3874585 180853704063248552 4749117
180853704067685201 2210635 180853704073112445 3304107
180853704069564253 9810397 180853704325391322 770112
180853704135519712 3008828 180853704067018354 4611545
180853704051198609 9462 180853704078623704 8980211
180853704067345521 3817135 180853704180003870 2400907
180853704070147714 1235485 180853704064866072 816031
180853704100079401 697733 180853704079391641 8213913
180853704077656233 4151256 180853704323633012 1928522
180853704073047544 5040820 180853704054989691 1844188
180853704065977527 83522 180853704622325730 2249341
180853704472580822 1987254 180853704078749852 3459594
180853704069535888 1929586 180853704732582235 2379745
180853704167959754 74250 180853704070141267 1512669
180853704580182281 4204232 180853704069549975 2201372
180853704347004614 4024335 180853704068208186 8670533
180853704064855688 9717750 180853703998917167 2265496
180853704077370796 5971562 180853704613670664 1946958
180853704069603927 1293049 180853704338996057 1112827
180853704667165754 3326801 180853704066035636 2766077
180853704065296786 6338755 180853703903814190 4179119
180853704064289112 3622315 180853703991644856 1833135
180853704067890930 9629071 180853704258548454 1180571
180853704795120082 4623483 180853704074984170 7940891
180853704073489198 9953114 180853703812200984 1244774
180853704787044708 2322579 180853704069998883 5453547
180853704659538600 288317 180853704063987614 9103353
180853704076748866 2654383 180853704046887420 3081264
180853704073205980 9350964 180853704564008911 1154110
180853703798484745 2282961 180853704077676459 7687138
180853704063759933 2368656 180853704026038147 4562074
180853704078164027 4024607 180853704167260201 349538
180853704209529046 1378278 180853704064792913 740342
180853704454284531 2534936 180853704068279278 2848949
180853704693092757 4106842 180853704064759699 6705876
180853704063706102 9006068 180853704540160434 4922660
180853704076646220 8867223 180853703843791423 113167
180853704774264960 4298151 180853704076418989 5784744
180853704077304848 3264717 180853704363715343 346971
35 39
35 29
35 11
35 57
35 37
35 46
35 52
35 55
35 43
35 3
35 32
35 22
35 2
35 24
35 58
35 53
35 8
35 40
35 36
35 28
35 10
35 18
35 44
35 47
39 50
39 25
39 54
39 42
39 59
39 45
39 1
39 30
39 4
39 51
39 33
39 41
39 14
39 56
39 7
39 12
39 19
39 13
39 31
39 17
39 21
39 60
39 27
39 26
39 23
29 6
29 49
29 9
29 34
29 20
29 16
29 15
29 48
29 5
29 38
60
162663377688589414 8991547 846127065362953753 4542562
210856350703522677 4569316 542543816879431438 483127
198795884833136780 9357996 321516030067078788 4876559
619957391955031322 1597548 157363822531122959 4195440
296956646265066392 2390086 174457749971064254 9385472
215636125730253053 5288732 449048849266358060 4776605
180606923510545186 5400442 831927336954512623 1356532
159290319313105575 6655556 908109516981364310 1973671
435846983852482835 2339758 144220774583658493 4447483
177498935005959029 4353449 215045647175172403 1999542
197222552688233528 8824212 703848613020472911 1233435
294934384653272534 816557 164431884302987431 8856581
162359278289887953 6338081 793704196000936462 3435323
503716084672836460 4697444 178246248728184925 4402688
810399172532199016 437388 189570300541538533 4141700
618436126869095459 4174253 160192549974155453 9378918
439644993624695308 3642797 152604435141218297 5619843
162260630048641589 5311572 881451854906871468 1189629
723995041057268172 256285 204938099979563824 7861217
158280240168770830 6897372 315720550086907353 2380539
160455637219546444 9301819 814688457292910134 1032034
527788849561278161 938376 192444235656908453 7192988
284584082655007105 4234825 171328311833060530 9542744
413936535951544213 2533740 214844470395613691 9911916
846022657771172547 1851925 183341681874583564 4040841
315827225727023934 2763754 181993893729537920 4067278
161381545215841490 7448239 391837605730033837 3191950
207191934701235281 1355396 789685531223989155 2104590
405123254658747299 1551521 164677821270819704 4578899
5032265598444717 865046 163076275843797764 2936034
170937271211301547 9806523 363971283884570 3541184
881958996982774783 3384212 149137405949849104 2135986
880686821323466097 4868326 146543568893288186 6982326
819861668389774937 2608460 187169230812421742 6679051
164037660214558272 787037 724927705805471425 2046773
165599926124013778 8324376 920098639857323271 1395306
940732853197154221 2413990 179960996413007826 1184140
145225736472627651 141907 1118971374982787710 3871072
155882697994867096 2313420 633422258716753309 2150507
1017930313056182947 819493 201150259799598976 5707994
205541452132792216 8901782 62080465970376131 393084
175444344310629629 1427877 522090612088836788 6346
182850078267273200 4553256 211113032161482287 2923236
177838212220263062 8620563 1122085988532720323 2590287
139686275254708334 1177301 189662733807488966 734542
179617788096787495 5254666 556192426031774736 1044775
169392682363279816 5721025 717108281745026359 2642912
1092117572310129599 4031711 187486689561948171 1674876
1149593699181094263 571075 200366833298920291 5286580
563507090357985333 936652 192526267873999957 8738917
917556857222660142 1795613 165545802911416373 2962333
186009259565694362 3026467 744338677745480345 2928829
888026181281951210 1902508 197781948956069141 4080153
412037517272111894 4955957 203447163417448636 5372562
506771789060065042 4623003 197733431354950248 9774101
203264292424780599 9247606 596372749634628077 984911
987807177450938063 2703311 197446720161962202 1418706
192059491902624004 5252406 316233694581276621 1374763
152327888413705874 3184208 321610402511036117 3309023
212554641575683616 9939620 529959416801428615 3392052
60 18
60 25
60 11
60 8
60 4
60 43
60 49
60 30
60 40
60 36
60 23
60 2
60 27
60 9
60 17
60 24
60 6
60 31
60 48
60 55
60 41
60 32
60 10
60 50
60 28
60 54
60 59
60 21
60 57
60 38
60 33
60 19
60 39
60 20
60 7
60 15
60 3
60 44
60 51
60 22
60 16
60 5
60 26
60 34
60 52
60 47
60 14
60 46
60 1
60 45
60 37
60 13
60 58
60 12
60 56
60 42
60 53
60 29
60 35
